0.000000  0.000000   0.000000   0.000000   0.000000 
0.012500  0.000000   0.000000   0.000000   0.000000 
0.025000  0.000000   0.000000   0.000000   0.000000 
0.037500  0.000000   0.000000   0.000000   0.000000 
0.050000  0.000000   0.000000   0.000000   0.000000 
0.062500  0.000000   0.000000   0.000000   0.000000 
0.075000  0.000000   0.000000   0.000000   0.000000 
0.087500  0.000000   0.000000   0.000000   0.000000 
0.100000  0.000000   0.000000   0.000000   0.000000 
0.112500  0.000000   0.000000   0.000000   0.000000 
0.125000  0.000000   0.000000   0.000000   0.000000 
0.137500  0.000000   0.000000   0.000000   0.000000 
0.150000  0.000000   0.000000   0.000000   0.000000 
0.162500  0.000000   0.000000   0.000000   0.000000 
0.175000  0.000000   0.000000   0.000000   0.000000 
0.187500  0.000000   0.000000   0.000000   0.000000 
0.200000  0.000000   0.000000   0.000000   0.000000 
0.212500  0.000000   0.000000   0.000000   0.000000 
0.225000  0.000000   0.000000   0.000000   0.000000 
0.237500  0.000000   0.000000   0.000000   0.000000 
0.250000  0.000000   0.000000   0.000000   0.000000 
0.262500  0.000000   0.000000   0.000000   0.000000 
0.275000  0.000000   0.000000   0.000000   0.000000 
0.287500  0.000000   0.000000   0.000000   0.000000 
0.300000  0.000000   0.000000   0.000000   0.000000 
0.312500  0.000000   0.000000   0.000000   0.000000 
0.325000  0.000000   0.000000   0.000000   0.000000 
0.337500  0.000000   0.000000   0.000000   0.000000 
0.350000  0.000000   0.000000   0.000000   0.000000 
0.362500  0.000000   0.000000   0.000000   0.000000 
0.375000  0.000000   0.000000   0.000000   0.000000 
0.387500  0.000000   0.000000   0.000000   0.000000 
0.400000  0.000000   0.000000   0.000000   0.000000 
0.412500  0.000000   0.000000   0.000000   0.000000 
0.425000  0.000000   0.000000   0.000000   0.000000 
0.437500  0.000000   0.000000   0.000000   0.000000 
0.450000  0.000000   0.000000   0.000000   0.000000 
0.462500  0.000000   0.000000   0.000000   0.000000 
0.475000  0.000000   0.000000   0.000000   0.000000 
0.487500  0.000000   0.000000   0.000000   0.000000 
0.500000  0.000000   0.000000   0.000000   0.000000 
0.512500  0.000000   0.000000   0.000000   0.000000 
0.525000  0.000000   0.000000   0.000000   0.000000 
0.537500  0.000000   0.000000   0.000000   0.000000 
0.550000  0.000000   0.000000   0.000000   0.000000 
0.562500  0.000000   0.000000   0.000000   0.000000 
0.575000  0.000000   0.000000   0.000000   0.000000 
0.587500  0.000000   0.000000   0.000000   0.000000 
0.600000  0.000000   0.000000   0.000000   0.000000 
0.612500  0.000000   0.000000   0.000000   0.000000 
0.625000  0.000000   0.000000   0.000000   0.000000 
0.637500  0.000000   0.000000   0.000000   0.000000 
0.650000  0.000000   0.000000   0.000000   0.000000 
0.662500  0.000000   0.000000   0.000000   0.000000 
0.675000  0.000000   0.000000   0.000000   0.000000 
0.687500  0.000000   0.000000   0.000000   0.000000 
0.700000  0.000000   0.000000   0.000000   0.000000 
0.712500  0.000000   0.000000   0.000000   0.000000 
0.725000  0.000000   0.000000   0.000000   0.000000 
0.737500  0.000000   0.000000   0.000000   0.000000 
0.750000  0.000000   0.000000   0.000000   0.000000 
0.762500  0.000000   0.000000   0.000000   0.000000 
0.775000  0.000000   0.000000   0.000000   0.000000 
0.787500  0.000000   0.000000   0.000000   0.000000 
0.800000  0.000000   0.000000   0.000000   0.000000 
0.812500  0.000000   0.000000   0.000000   0.000000 
0.825000  0.000000   0.000000   0.000000   0.000000 
0.837500  0.000000   0.000000   0.000000   0.000000 
0.850000  0.000000   0.000000   0.000000   0.000000 
0.862500  0.000000   0.000000   0.000000   0.000000 
0.875000  0.000000   0.000000   0.000000   0.000000 
0.887500  0.000000   0.000000   0.000000   0.000000 
0.900000  0.000000   0.000000   0.000000   0.000000 
0.912500  0.000000   0.000000   0.000000   0.000000 
0.925000  0.000000   0.000000   0.000000   0.000000 
0.937500  0.000000   0.000000   0.000000   0.000000 
0.950000  0.000000   0.000000   0.000000   0.000000 
0.962500  0.000000   0.000000   0.000000   0.000000 
0.975000  0.000000   0.000000   0.000000   0.000000 
0.987500  0.000000   0.000000   0.000000   0.000000 
1.000000  0.000000   1.000000   0.000000   0.012617 
1.000000  0.012500   1.000000   0.000000   0.038555 
1.000000  0.025000   1.000000   0.000000   0.065430 
1.000000  0.037500   1.000000   0.000000   0.093242 
1.000000  0.050000   1.000000   0.000000   0.121992 
1.000000  0.062500   1.000000   0.000000   0.151680 
1.000000  0.075000   1.000000   0.000000   0.182305 
1.000000  0.087500   1.000000   0.000000   0.213867 
1.000000  0.100000   1.000000   0.000000   0.246367 
1.000000  0.112500   1.000000   0.000000   0.279805 
1.000000  0.125000   1.000000   0.000000   0.314180 
1.000000  0.137500   1.000000   0.000000   0.349492 
1.000000  0.150000   1.000000   0.000000   0.385742 
1.000000  0.162500   1.000000   0.000000   0.422930 
1.000000  0.175000   1.000000   0.000000   0.461055 
1.000000  0.187500   1.000000   0.000000   0.500117 
1.000000  0.200000   1.000000   0.000000   0.540117 
1.000000  0.212500   1.000000   0.000000   0.581055 
1.000000  0.225000   1.000000   0.000000   0.622930 
1.000000  0.237500   1.000000   0.000000   0.665742 
1.000000  0.250000   1.000000   0.000000   0.709492 
1.000000  0.262500   1.000000   0.000000   0.754180 
1.000000  0.275000   1.000000   0.000000   0.799805 
1.000000  0.287500   1.000000   0.000000   0.846367 
1.000000  0.300000   1.000000   0.000000   0.893867 
1.000000  0.312500   1.000000   0.000000   0.942305 
1.000000  0.325000   1.000000   0.000000   0.991680 
1.000000  0.337500   1.000000   0.000000   1.041992 
1.000000  0.350000   1.000000   0.000000   1.093242 
1.000000  0.362500   1.000000   0.000000   1.145430 
1.000000  0.375000   1.000000   0.000000   1.198555 
1.000000  0.387500   1.000000   0.000000   1.252617 
1.000000  0.400000   1.000000   0.000000   1.307617 
1.000000  0.412500   1.000000   0.000000   1.363555 
1.000000  0.425000   1.000000   0.000000   1.420430 
1.000000  0.437500   1.000000   0.000000   1.478242 
1.000000  0.450000   1.000000   0.000000   1.536992 
1.000000  0.462500   1.000000   0.000000   1.596680 
1.000000  0.475000   1.000000   0.000000   1.657305 
1.000000  0.487500   1.000000   0.000000   1.718867 
1.000000  0.500000   1.000000   0.000000   1.781367 
1.000000  0.512500   1.000000   0.000000   1.844805 
1.000000  0.525000   1.000000   0.000000   1.909180 
1.000000  0.537500   1.000000   0.000000   1.974492 
1.000000  0.550000   1.000000   0.000000   2.040742 
1.000000  0.562500   1.000000   0.000000   2.107930 
1.000000  0.575000   1.000000   0.000000   2.176055 
1.000000  0.587500   1.000000   0.000000   2.245117 
1.000000  0.600000   1.000000   0.000000   2.315117 
1.000000  0.612500   1.000000   0.000000   2.386055 
1.000000  0.625000   1.000000   0.000000   2.457930 
1.000000  0.637500   1.000000   0.000000   2.530742 
1.000000  0.650000   1.000000   0.000000   2.604492 
1.000000  0.662500   1.000000   0.000000   2.679180 
1.000000  0.675000   1.000000   0.000000   2.754805 
1.000000  0.687500   1.000000   0.000000   2.831367 
1.000000  0.700000   1.000000   0.000000   2.908867 
1.000000  0.712500   1.000000   0.000000   2.987305 
1.000000  0.725000   1.000000   0.000000   3.066680 
1.000000  0.737500   1.000000   0.000000   3.146992 
1.000000  0.750000   1.000000   0.000000   3.228242 
1.000000  0.762500   1.000000   0.000000   3.310430 
1.000000  0.775000   1.000000   0.000000   3.393555 
1.000000  0.787500   1.000000   0.000000   3.477617 
1.000000  0.800000   1.000000   0.000000   3.562617 
1.000000  0.812500   1.000000   0.000000   3.648555 
1.000000  0.825000   1.000000   0.000000   3.735430 
1.000000  0.837500   1.000000   0.000000   3.823242 
1.000000  0.850000   1.000000   0.000000   3.911992 
1.000000  0.862500   1.000000   0.000000   4.001680 
1.000000  0.875000   1.000000   0.000000   4.092305 
1.000000  0.887500   1.000000   0.000000   4.183867 
1.000000  0.900000   1.000000   0.000000   4.276367 
1.000000  0.912500   1.000000   0.000000   4.369805 
1.000000  0.925000   1.000000   0.000000   4.464180 
1.000000  0.937500   1.000000   0.000000   4.559492 
1.000000  0.950000   1.000000   0.000000   4.655742 
1.000000  0.962500   1.000000   0.000000   4.752930 
1.000000  0.975000   1.000000   0.000000   4.851055 
1.000000  0.987500   1.000000   0.000000   4.950117 
1.000000  1.000000   1.000000   0.000000   2.950273 
0.987500  1.000000   1.000000   0.000000   2.852448 
0.975000  1.000000   1.000000   0.000000   2.756775 
0.962500  1.000000   1.000000   0.000000   2.663231 
0.950000  1.000000   1.000000   0.000000   2.571792 
0.937500  1.000000   1.000000   0.000000   2.482436 
0.925000  1.000000   1.000000   0.000000   2.395138 
0.912500  1.000000   1.000000   0.000000   2.309875 
0.900000  1.000000   1.000000   0.000000   2.226625 
0.887500  1.000000   1.000000   0.000000   2.145362 
0.875000  1.000000   1.000000   0.000000   2.066064 
0.862500  1.000000   1.000000   0.000000   1.988708 
0.850000  1.000000   1.000000   0.000000   1.913269 
0.837500  1.000000   1.000000   0.000000   1.839725 
0.825000  1.000000   1.000000   0.000000   1.768052 
0.812500  1.000000   1.000000   0.000000   1.698227 
0.800000  1.000000   1.000000   0.000000   1.630226 
0.787500  1.000000   1.000000   0.000000   1.564026 
0.775000  1.000000   1.000000   0.000000   1.499603 
0.762500  1.000000   1.000000   0.000000   1.436934 
0.750000  1.000000   1.000000   0.000000   1.375996 
0.737500  1.000000   1.000000   0.000000   1.316764 
0.725000  1.000000   1.000000   0.000000   1.259216 
0.712500  1.000000   1.000000   0.000000   1.203329 
0.700000  1.000000   1.000000   0.000000   1.149078 
0.687500  1.000000   1.000000   0.000000   1.096440 
0.675000  1.000000   1.000000   0.000000   1.045392 
0.662500  1.000000   1.000000   0.000000   0.995911 
0.650000  1.000000   1.000000   0.000000   0.947972 
0.637500  1.000000   1.000000   0.000000   0.901553 
0.625000  1.000000   1.000000   0.000000   0.856630 
0.612500  1.000000   1.000000   0.000000   0.813180 
0.600000  1.000000   1.000000   0.000000   0.771179 
0.587500  1.000000   1.000000   0.000000   0.730604 
0.575000  1.000000   1.000000   0.000000   0.691431 
0.562500  1.000000   1.000000   0.000000   0.653637 
0.550000  1.000000   1.000000   0.000000   0.617199 
0.537500  1.000000   1.000000   0.000000   0.582092 
0.525000  1.000000   1.000000   0.000000   0.548294 
0.512500  1.000000   1.000000   0.000000   0.515782 
0.500000  1.000000   1.000000   0.000000   0.484531 
0.487500  1.000000   1.000000   0.000000   0.454518 
0.475000  1.000000   1.000000   0.000000   0.425720 
0.462500  1.000000   1.000000   0.000000   0.398114 
0.450000  1.000000   1.000000   0.000000   0.371675 
0.437500  1.000000   1.000000   0.000000   0.346381 
0.425000  1.000000   1.000000   0.000000   0.322208 
0.412500  1.000000   1.000000   0.000000   0.299133 
0.400000  1.000000   1.000000   0.000000   0.277132 
0.387500  1.000000   1.000000   0.000000   0.256182 
0.375000  1.000000   1.000000   0.000000   0.236259 
0.362500  1.000000   1.000000   0.000000   0.217340 
0.350000  1.000000   1.000000   0.000000   0.199402 
0.337500  1.000000   1.000000   0.000000   0.182420 
0.325000  1.000000   1.000000   0.000000   0.166373 
0.312500  1.000000   1.000000   0.000000   0.151235 
0.300000  1.000000   1.000000   0.000000   0.136984 
0.287500  1.000000   1.000000   0.000000   0.123596 
0.275000  1.000000   1.000000   0.000000   0.111048 
0.262500  1.000000   1.000000   0.000000   0.099317 
0.250000  1.000000   1.000000   0.000000   0.088378 
0.237500  1.000000   1.000000   0.000000   0.078209 
0.225000  1.000000   1.000000   0.000000   0.068787 
0.212500  1.000000   1.000000   0.000000   0.060086 
0.200000  1.000000   1.000000   0.000000   0.052085 
0.187500  1.000000   1.000000   0.000000   0.044760 
0.175000  1.000000   1.000000   0.000000   0.038087 
0.162500  1.000000   1.000000   0.000000   0.032043 
0.150000  1.000000   1.000000   0.000000   0.026605 
0.137500  1.000000   1.000000   0.000000   0.021749 
0.125000  1.000000   1.000000   0.000000   0.017451 
0.112500  1.000000   1.000000   0.000000   0.013688 
0.100000  1.000000   1.000000   0.000000   0.010437 
0.087500  1.000000   1.000000   0.000000   0.007674 
0.075000  1.000000   1.000000   0.000000   0.005376 
0.062500  1.000000   1.000000   0.000000   0.003520 
0.050000  1.000000   1.000000   0.000000   0.002082 
0.037500  1.000000   1.000000   0.000000   0.001038 
0.025000  1.000000   1.000000   0.000000   0.000365 
0.012500  1.000000   1.000000   0.000000   0.000040 
0.000000  1.000000   0.000000   0.000000   0.000000 
0.000000  0.987500   0.000000   0.000000   0.000000 
0.000000  0.975000   0.000000   0.000000   0.000000 
0.000000  0.962500   0.000000   0.000000   0.000000 
0.000000  0.950000   0.000000   0.000000   0.000000 
0.000000  0.937500   0.000000   0.000000   0.000000 
0.000000  0.925000   0.000000   0.000000   0.000000 
0.000000  0.912500   0.000000   0.000000   0.000000 
0.000000  0.900000   0.000000   0.000000   0.000000 
0.000000  0.887500   0.000000   0.000000   0.000000 
0.000000  0.875000   0.000000   0.000000   0.000000 
0.000000  0.862500   0.000000   0.000000   0.000000 
0.000000  0.850000   0.000000   0.000000   0.000000 
0.000000  0.837500   0.000000   0.000000   0.000000 
0.000000  0.825000   0.000000   0.000000   0.000000 
0.000000  0.812500   0.000000   0.000000   0.000000 
0.000000  0.800000   0.000000   0.000000   0.000000 
0.000000  0.787500   0.000000   0.000000   0.000000 
0.000000  0.775000   0.000000   0.000000   0.000000 
0.000000  0.762500   0.000000   0.000000   0.000000 
0.000000  0.750000   0.000000   0.000000   0.000000 
0.000000  0.737500   0.000000   0.000000   0.000000 
0.000000  0.725000   0.000000   0.000000   0.000000 
0.000000  0.712500   0.000000   0.000000   0.000000 
0.000000  0.700000   0.000000   0.000000   0.000000 
0.000000  0.687500   0.000000   0.000000   0.000000 
0.000000  0.675000   0.000000   0.000000   0.000000 
0.000000  0.662500   0.000000   0.000000   0.000000 
0.000000  0.650000   0.000000   0.000000   0.000000 
0.000000  0.637500   0.000000   0.000000   0.000000 
0.000000  0.625000   0.000000   0.000000   0.000000 
0.000000  0.612500   0.000000   0.000000   0.000000 
0.000000  0.600000   0.000000   0.000000   0.000000 
0.000000  0.587500   0.000000   0.000000   0.000000 
0.000000  0.575000   0.000000   0.000000   0.000000 
0.000000  0.562500   0.000000   0.000000   0.000000 
0.000000  0.550000   0.000000   0.000000   0.000000 
0.000000  0.537500   0.000000   0.000000   0.000000 
0.000000  0.525000   0.000000   0.000000   0.000000 
0.000000  0.512500   0.000000   0.000000   0.000000 
0.000000  0.500000   0.000000   0.000000   0.000000 
0.000000  0.487500   0.000000   0.000000   0.000000 
0.000000  0.475000   0.000000   0.000000   0.000000 
0.000000  0.462500   0.000000   0.000000   0.000000 
0.000000  0.450000   0.000000   0.000000   0.000000 
0.000000  0.437500   0.000000   0.000000   0.000000 
0.000000  0.425000   0.000000   0.000000   0.000000 
0.000000  0.412500   0.000000   0.000000   0.000000 
0.000000  0.400000   0.000000   0.000000   0.000000 
0.000000  0.387500   0.000000   0.000000   0.000000 
0.000000  0.375000   0.000000   0.000000   0.000000 
0.000000  0.362500   0.000000   0.000000   0.000000 
0.000000  0.350000   0.000000   0.000000   0.000000 
0.000000  0.337500   0.000000   0.000000   0.000000 
0.000000  0.325000   0.000000   0.000000   0.000000 
0.000000  0.312500   0.000000   0.000000   0.000000 
0.000000  0.300000   0.000000   0.000000   0.000000 
0.000000  0.287500   0.000000   0.000000   0.000000 
0.000000  0.275000   0.000000   0.000000   0.000000 
0.000000  0.262500   0.000000   0.000000   0.000000 
0.000000  0.250000   0.000000   0.000000   0.000000 
0.000000  0.237500   0.000000   0.000000   0.000000 
0.000000  0.225000   0.000000   0.000000   0.000000 
0.000000  0.212500   0.000000   0.000000   0.000000 
0.000000  0.200000   0.000000   0.000000   0.000000 
0.000000  0.187500   0.000000   0.000000   0.000000 
0.000000  0.175000   0.000000   0.000000   0.000000 
0.000000  0.162500   0.000000   0.000000   0.000000 
0.000000  0.150000   0.000000   0.000000   0.000000 
0.000000  0.137500   0.000000   0.000000   0.000000 
0.000000  0.125000   0.000000   0.000000   0.000000 
0.000000  0.112500   0.000000   0.000000   0.000000 
0.000000  0.100000   0.000000   0.000000   0.000000 
0.000000  0.087500   0.000000   0.000000   0.000000 
0.000000  0.075000   0.000000   0.000000   0.000000 
0.000000  0.062500   0.000000   0.000000   0.000000 
0.000000  0.050000   0.000000   0.000000   0.000000 
0.000000  0.037500   0.000000   0.000000   0.000000 
0.000000  0.025000   0.000000   0.000000   0.000000 
0.000000  0.012500   0.000000   0.000000   0.000000 
0.000000  0.000000   0.000000   0.000000   0.000000 
