0.000000  0.000000   0.000000   0.000000   0.000000 
0.025000  0.000000   0.000000   0.000000   0.000000 
0.050000  0.000000   0.000000   0.000000   0.000000 
0.075000  0.000000   0.000000   0.000000   0.000000 
0.100000  0.000000   0.000000   0.000000   0.000000 
0.125000  0.000000   0.000000   0.000000   0.000000 
0.150000  0.000000   0.000000   0.000000   0.000000 
0.175000  0.000000   0.000000   0.000000   0.000000 
0.200000  0.000000   0.000000   0.000000   0.000000 
0.225000  0.000000   0.000000   0.000000   0.000000 
0.250000  0.000000   0.000000   0.000000   0.000000 
0.275000  0.000000   0.000000   0.000000   0.000000 
0.300000  0.000000   0.000000   0.000000   0.000000 
0.325000  0.000000   0.000000   0.000000   0.000000 
0.350000  0.000000   0.000000   0.000000   0.000000 
0.375000  0.000000   0.000000   0.000000   0.000000 
0.400000  0.000000   0.000000   0.000000   0.000000 
0.425000  0.000000   0.000000   0.000000   0.000000 
0.450000  0.000000   0.000000   0.000000   0.000000 
0.475000  0.000000   0.000000   0.000000   0.000000 
0.500000  0.000000   0.000000   0.000000   0.000000 
0.525000  0.000000   0.000000   0.000000   0.000000 
0.550000  0.000000   0.000000   0.000000   0.000000 
0.575000  0.000000   0.000000   0.000000   0.000000 
0.600000  0.000000   0.000000   0.000000   0.000000 
0.625000  0.000000   0.000000   0.000000   0.000000 
0.650000  0.000000   0.000000   0.000000   0.000000 
0.675000  0.000000   0.000000   0.000000   0.000000 
0.700000  0.000000   0.000000   0.000000   0.000000 
0.725000  0.000000   0.000000   0.000000   0.000000 
0.750000  0.000000   0.000000   0.000000   0.000000 
0.775000  0.000000   0.000000   0.000000   0.000000 
0.800000  0.000000   0.000000   0.000000   0.000000 
0.825000  0.000000   0.000000   0.000000   0.000000 
0.850000  0.000000   0.000000   0.000000   0.000000 
0.875000  0.000000   0.000000   0.000000   0.000000 
0.900000  0.000000   0.000000   0.000000   0.000000 
0.925000  0.000000   0.000000   0.000000   0.000000 
0.950000  0.000000   0.000000   0.000000   0.000000 
0.975000  0.000000   0.000000   0.000000   0.000000 
1.000000  0.000000   1.000000   0.000000   0.025469 
1.000000  0.025000   1.000000   0.000000   0.079219 
1.000000  0.050000   1.000000   0.000000   0.136719 
1.000000  0.075000   1.000000   0.000000   0.197969 
1.000000  0.100000   1.000000   0.000000   0.262969 
1.000000  0.125000   1.000000   0.000000   0.331719 
1.000000  0.150000   1.000000   0.000000   0.404219 
1.000000  0.175000   1.000000   0.000000   0.480469 
1.000000  0.200000   1.000000   0.000000   0.560469 
1.000000  0.225000   1.000000   0.000000   0.644219 
1.000000  0.250000   1.000000   0.000000   0.731719 
1.000000  0.275000   1.000000   0.000000   0.822969 
1.000000  0.300000   1.000000   0.000000   0.917969 
1.000000  0.325000   1.000000   0.000000   1.016719 
1.000000  0.350000   1.000000   0.000000   1.119219 
1.000000  0.375000   1.000000   0.000000   1.225469 
1.000000  0.400000   1.000000   0.000000   1.335469 
1.000000  0.425000   1.000000   0.000000   1.449219 
1.000000  0.450000   1.000000   0.000000   1.566719 
1.000000  0.475000   1.000000   0.000000   1.687969 
1.000000  0.500000   1.000000   0.000000   1.812969 
1.000000  0.525000   1.000000   0.000000   1.941719 
1.000000  0.550000   1.000000   0.000000   2.074219 
1.000000  0.575000   1.000000   0.000000   2.210469 
1.000000  0.600000   1.000000   0.000000   2.350469 
1.000000  0.625000   1.000000   0.000000   2.494219 
1.000000  0.650000   1.000000   0.000000   2.641719 
1.000000  0.675000   1.000000   0.000000   2.792969 
1.000000  0.700000   1.000000   0.000000   2.947969 
1.000000  0.725000   1.000000   0.000000   3.106719 
1.000000  0.750000   1.000000   0.000000   3.269219 
1.000000  0.775000   1.000000   0.000000   3.435469 
1.000000  0.800000   1.000000   0.000000   3.605469 
1.000000  0.825000   1.000000   0.000000   3.779219 
1.000000  0.850000   1.000000   0.000000   3.956719 
1.000000  0.875000   1.000000   0.000000   4.137969 
1.000000  0.900000   1.000000   0.000000   4.322969 
1.000000  0.925000   1.000000   0.000000   4.511719 
1.000000  0.950000   1.000000   0.000000   4.704219 
1.000000  0.975000   1.000000   0.000000   4.900469 
1.000000  1.000000   1.000000   0.000000   2.901090 
0.975000  1.000000   1.000000   0.000000   2.709738 
0.950000  1.000000   1.000000   0.000000   2.526855 
0.925000  1.000000   1.000000   0.000000   2.352254 
0.900000  1.000000   1.000000   0.000000   2.185746 
0.875000  1.000000   1.000000   0.000000   2.027145 
0.850000  1.000000   1.000000   0.000000   1.876262 
0.825000  1.000000   1.000000   0.000000   1.732910 
0.800000  1.000000   1.000000   0.000000   1.596902 
0.775000  1.000000   1.000000   0.000000   1.468051 
0.750000  1.000000   1.000000   0.000000   1.346168 
0.725000  1.000000   1.000000   0.000000   1.231066 
0.700000  1.000000   1.000000   0.000000   1.122559 
0.675000  1.000000   1.000000   0.000000   1.020457 
0.650000  1.000000   1.000000   0.000000   0.924574 
0.625000  1.000000   1.000000   0.000000   0.834723 
0.600000  1.000000   1.000000   0.000000   0.750715 
0.575000  1.000000   1.000000   0.000000   0.672363 
0.550000  1.000000   1.000000   0.000000   0.599480 
0.525000  1.000000   1.000000   0.000000   0.531879 
0.500000  1.000000   1.000000   0.000000   0.469371 
0.475000  1.000000   1.000000   0.000000   0.411770 
0.450000  1.000000   1.000000   0.000000   0.358887 
0.425000  1.000000   1.000000   0.000000   0.310535 
0.400000  1.000000   1.000000   0.000000   0.266527 
0.375000  1.000000   1.000000   0.000000   0.226676 
0.350000  1.000000   1.000000   0.000000   0.190793 
0.325000  1.000000   1.000000   0.000000   0.158691 
0.300000  1.000000   1.000000   0.000000   0.130184 
0.275000  1.000000   1.000000   0.000000   0.105082 
0.250000  1.000000   1.000000   0.000000   0.083199 
0.225000  1.000000   1.000000   0.000000   0.064348 
0.200000  1.000000   1.000000   0.000000   0.048340 
0.175000  1.000000   1.000000   0.000000   0.034988 
0.150000  1.000000   1.000000   0.000000   0.024105 
0.125000  1.000000   1.000000   0.000000   0.015504 
0.100000  1.000000   1.000000   0.000000   0.008996 
0.075000  1.000000   1.000000   0.000000   0.004395 
0.050000  1.000000   1.000000   0.000000   0.001512 
0.025000  1.000000   1.000000   0.000000   0.000160 
0.000000  1.000000   0.000000   0.000000   0.000000 
0.000000  0.975000   0.000000   0.000000   0.000000 
0.000000  0.950000   0.000000   0.000000   0.000000 
0.000000  0.925000   0.000000   0.000000   0.000000 
0.000000  0.900000   0.000000   0.000000   0.000000 
0.000000  0.875000   0.000000   0.000000   0.000000 
0.000000  0.850000   0.000000   0.000000   0.000000 
0.000000  0.825000   0.000000   0.000000   0.000000 
0.000000  0.800000   0.000000   0.000000   0.000000 
0.000000  0.775000   0.000000   0.000000   0.000000 
0.000000  0.750000   0.000000   0.000000   0.000000 
0.000000  0.725000   0.000000   0.000000   0.000000 
0.000000  0.700000   0.000000   0.000000   0.000000 
0.000000  0.675000   0.000000   0.000000   0.000000 
0.000000  0.650000   0.000000   0.000000   0.000000 
0.000000  0.625000   0.000000   0.000000   0.000000 
0.000000  0.600000   0.000000   0.000000   0.000000 
0.000000  0.575000   0.000000   0.000000   0.000000 
0.000000  0.550000   0.000000   0.000000   0.000000 
0.000000  0.525000   0.000000   0.000000   0.000000 
0.000000  0.500000   0.000000   0.000000   0.000000 
0.000000  0.475000   0.000000   0.000000   0.000000 
0.000000  0.450000   0.000000   0.000000   0.000000 
0.000000  0.425000   0.000000   0.000000   0.000000 
0.000000  0.400000   0.000000   0.000000   0.000000 
0.000000  0.375000   0.000000   0.000000   0.000000 
0.000000  0.350000   0.000000   0.000000   0.000000 
0.000000  0.325000   0.000000   0.000000   0.000000 
0.000000  0.300000   0.000000   0.000000   0.000000 
0.000000  0.275000   0.000000   0.000000   0.000000 
0.000000  0.250000   0.000000   0.000000   0.000000 
0.000000  0.225000   0.000000   0.000000   0.000000 
0.000000  0.200000   0.000000   0.000000   0.000000 
0.000000  0.175000   0.000000   0.000000   0.000000 
0.000000  0.150000   0.000000   0.000000   0.000000 
0.000000  0.125000   0.000000   0.000000   0.000000 
0.000000  0.100000   0.000000   0.000000   0.000000 
0.000000  0.075000   0.000000   0.000000   0.000000 
0.000000  0.050000   0.000000   0.000000   0.000000 
0.000000  0.025000   0.000000   0.000000   0.000000 
0.000000  0.000000   0.000000   0.000000   0.000000 
