0.047619  0.047619 
0.095238  0.047619 
0.142857  0.047619 
0.190476  0.047619 
0.238095  0.047619 
0.285714  0.047619 
0.333333  0.047619 
0.380952  0.047619 
0.428571  0.047619 
0.476190  0.047619 
0.523810  0.047619 
0.571429  0.047619 
0.619048  0.047619 
0.666667  0.047619 
0.714286  0.047619 
0.761905  0.047619 
0.809524  0.047619 
0.857143  0.047619 
0.904762  0.047619 
0.952381  0.047619 
0.047619  0.095238 
0.095238  0.095238 
0.142857  0.095238 
0.190476  0.095238 
0.238095  0.095238 
0.285714  0.095238 
0.333333  0.095238 
0.380952  0.095238 
0.428571  0.095238 
0.476190  0.095238 
0.523810  0.095238 
0.571429  0.095238 
0.619048  0.095238 
0.666667  0.095238 
0.714286  0.095238 
0.761905  0.095238 
0.809524  0.095238 
0.857143  0.095238 
0.904762  0.095238 
0.952381  0.095238 
0.047619  0.142857 
0.095238  0.142857 
0.142857  0.142857 
0.190476  0.142857 
0.238095  0.142857 
0.285714  0.142857 
0.333333  0.142857 
0.380952  0.142857 
0.428571  0.142857 
0.476190  0.142857 
0.523810  0.142857 
0.571429  0.142857 
0.619048  0.142857 
0.666667  0.142857 
0.714286  0.142857 
0.761905  0.142857 
0.809524  0.142857 
0.857143  0.142857 
0.904762  0.142857 
0.952381  0.142857 
0.047619  0.190476 
0.095238  0.190476 
0.142857  0.190476 
0.190476  0.190476 
0.238095  0.190476 
0.285714  0.190476 
0.333333  0.190476 
0.380952  0.190476 
0.428571  0.190476 
0.476190  0.190476 
0.523810  0.190476 
0.571429  0.190476 
0.619048  0.190476 
0.666667  0.190476 
0.714286  0.190476 
0.761905  0.190476 
0.809524  0.190476 
0.857143  0.190476 
0.904762  0.190476 
0.952381  0.190476 
0.047619  0.238095 
0.095238  0.238095 
0.142857  0.238095 
0.190476  0.238095 
0.238095  0.238095 
0.285714  0.238095 
0.333333  0.238095 
0.380952  0.238095 
0.428571  0.238095 
0.476190  0.238095 
0.523810  0.238095 
0.571429  0.238095 
0.619048  0.238095 
0.666667  0.238095 
0.714286  0.238095 
0.761905  0.238095 
0.809524  0.238095 
0.857143  0.238095 
0.904762  0.238095 
0.952381  0.238095 
0.047619  0.285714 
0.095238  0.285714 
0.142857  0.285714 
0.190476  0.285714 
0.238095  0.285714 
0.285714  0.285714 
0.333333  0.285714 
0.380952  0.285714 
0.428571  0.285714 
0.476190  0.285714 
0.523810  0.285714 
0.571429  0.285714 
0.619048  0.285714 
0.666667  0.285714 
0.714286  0.285714 
0.761905  0.285714 
0.809524  0.285714 
0.857143  0.285714 
0.904762  0.285714 
0.952381  0.285714 
0.047619  0.333333 
0.095238  0.333333 
0.142857  0.333333 
0.190476  0.333333 
0.238095  0.333333 
0.285714  0.333333 
0.333333  0.333333 
0.380952  0.333333 
0.428571  0.333333 
0.476190  0.333333 
0.523810  0.333333 
0.571429  0.333333 
0.619048  0.333333 
0.666667  0.333333 
0.714286  0.333333 
0.761905  0.333333 
0.809524  0.333333 
0.857143  0.333333 
0.904762  0.333333 
0.952381  0.333333 
0.047619  0.380952 
0.095238  0.380952 
0.142857  0.380952 
0.190476  0.380952 
0.238095  0.380952 
0.285714  0.380952 
0.333333  0.380952 
0.380952  0.380952 
0.428571  0.380952 
0.476190  0.380952 
0.523810  0.380952 
0.571429  0.380952 
0.619048  0.380952 
0.666667  0.380952 
0.714286  0.380952 
0.761905  0.380952 
0.809524  0.380952 
0.857143  0.380952 
0.904762  0.380952 
0.952381  0.380952 
0.047619  0.428571 
0.095238  0.428571 
0.142857  0.428571 
0.190476  0.428571 
0.238095  0.428571 
0.285714  0.428571 
0.333333  0.428571 
0.380952  0.428571 
0.428571  0.428571 
0.476190  0.428571 
0.523810  0.428571 
0.571429  0.428571 
0.619048  0.428571 
0.666667  0.428571 
0.714286  0.428571 
0.761905  0.428571 
0.809524  0.428571 
0.857143  0.428571 
0.904762  0.428571 
0.952381  0.428571 
0.047619  0.476190 
0.095238  0.476190 
0.142857  0.476190 
0.190476  0.476190 
0.238095  0.476190 
0.285714  0.476190 
0.333333  0.476190 
0.380952  0.476190 
0.428571  0.476190 
0.476190  0.476190 
0.523810  0.476190 
0.571429  0.476190 
0.619048  0.476190 
0.666667  0.476190 
0.714286  0.476190 
0.761905  0.476190 
0.809524  0.476190 
0.857143  0.476190 
0.904762  0.476190 
0.952381  0.476190 
0.047619  0.523810 
0.095238  0.523810 
0.142857  0.523810 
0.190476  0.523810 
0.238095  0.523810 
0.285714  0.523810 
0.333333  0.523810 
0.380952  0.523810 
0.428571  0.523810 
0.476190  0.523810 
0.523810  0.523810 
0.571429  0.523810 
0.619048  0.523810 
0.666667  0.523810 
0.714286  0.523810 
0.761905  0.523810 
0.809524  0.523810 
0.857143  0.523810 
0.904762  0.523810 
0.952381  0.523810 
0.047619  0.571429 
0.095238  0.571429 
0.142857  0.571429 
0.190476  0.571429 
0.238095  0.571429 
0.285714  0.571429 
0.333333  0.571429 
0.380952  0.571429 
0.428571  0.571429 
0.476190  0.571429 
0.523810  0.571429 
0.571429  0.571429 
0.619048  0.571429 
0.666667  0.571429 
0.714286  0.571429 
0.761905  0.571429 
0.809524  0.571429 
0.857143  0.571429 
0.904762  0.571429 
0.952381  0.571429 
0.047619  0.619048 
0.095238  0.619048 
0.142857  0.619048 
0.190476  0.619048 
0.238095  0.619048 
0.285714  0.619048 
0.333333  0.619048 
0.380952  0.619048 
0.428571  0.619048 
0.476190  0.619048 
0.523810  0.619048 
0.571429  0.619048 
0.619048  0.619048 
0.666667  0.619048 
0.714286  0.619048 
0.761905  0.619048 
0.809524  0.619048 
0.857143  0.619048 
0.904762  0.619048 
0.952381  0.619048 
0.047619  0.666667 
0.095238  0.666667 
0.142857  0.666667 
0.190476  0.666667 
0.238095  0.666667 
0.285714  0.666667 
0.333333  0.666667 
0.380952  0.666667 
0.428571  0.666667 
0.476190  0.666667 
0.523810  0.666667 
0.571429  0.666667 
0.619048  0.666667 
0.666667  0.666667 
0.714286  0.666667 
0.761905  0.666667 
0.809524  0.666667 
0.857143  0.666667 
0.904762  0.666667 
0.952381  0.666667 
0.047619  0.714286 
0.095238  0.714286 
0.142857  0.714286 
0.190476  0.714286 
0.238095  0.714286 
0.285714  0.714286 
0.333333  0.714286 
0.380952  0.714286 
0.428571  0.714286 
0.476190  0.714286 
0.523810  0.714286 
0.571429  0.714286 
0.619048  0.714286 
0.666667  0.714286 
0.714286  0.714286 
0.761905  0.714286 
0.809524  0.714286 
0.857143  0.714286 
0.904762  0.714286 
0.952381  0.714286 
0.047619  0.761905 
0.095238  0.761905 
0.142857  0.761905 
0.190476  0.761905 
0.238095  0.761905 
0.285714  0.761905 
0.333333  0.761905 
0.380952  0.761905 
0.428571  0.761905 
0.476190  0.761905 
0.523810  0.761905 
0.571429  0.761905 
0.619048  0.761905 
0.666667  0.761905 
0.714286  0.761905 
0.761905  0.761905 
0.809524  0.761905 
0.857143  0.761905 
0.904762  0.761905 
0.952381  0.761905 
0.047619  0.809524 
0.095238  0.809524 
0.142857  0.809524 
0.190476  0.809524 
0.238095  0.809524 
0.285714  0.809524 
0.333333  0.809524 
0.380952  0.809524 
0.428571  0.809524 
0.476190  0.809524 
0.523810  0.809524 
0.571429  0.809524 
0.619048  0.809524 
0.666667  0.809524 
0.714286  0.809524 
0.761905  0.809524 
0.809524  0.809524 
0.857143  0.809524 
0.904762  0.809524 
0.952381  0.809524 
0.047619  0.857143 
0.095238  0.857143 
0.142857  0.857143 
0.190476  0.857143 
0.238095  0.857143 
0.285714  0.857143 
0.333333  0.857143 
0.380952  0.857143 
0.428571  0.857143 
0.476190  0.857143 
0.523810  0.857143 
0.571429  0.857143 
0.619048  0.857143 
0.666667  0.857143 
0.714286  0.857143 
0.761905  0.857143 
0.809524  0.857143 
0.857143  0.857143 
0.904762  0.857143 
0.952381  0.857143 
0.047619  0.904762 
0.095238  0.904762 
0.142857  0.904762 
0.190476  0.904762 
0.238095  0.904762 
0.285714  0.904762 
0.333333  0.904762 
0.380952  0.904762 
0.428571  0.904762 
0.476190  0.904762 
0.523810  0.904762 
0.571429  0.904762 
0.619048  0.904762 
0.666667  0.904762 
0.714286  0.904762 
0.761905  0.904762 
0.809524  0.904762 
0.857143  0.904762 
0.904762  0.904762 
0.952381  0.904762 
0.047619  0.952381 
0.095238  0.952381 
0.142857  0.952381 
0.190476  0.952381 
0.238095  0.952381 
0.285714  0.952381 
0.333333  0.952381 
0.380952  0.952381 
0.428571  0.952381 
0.476190  0.952381 
0.523810  0.952381 
0.571429  0.952381 
0.619048  0.952381 
0.666667  0.952381 
0.714286  0.952381 
0.761905  0.952381 
0.809524  0.952381 
0.857143  0.952381 
0.904762  0.952381 
0.952381  0.952381 
