0.000000  0.000000   0.000000 
0.000000  0.000000   0.000000 
0.000000  0.000000   0.000000 
0.000000  0.000000   0.000000 
0.000000  0.000000   0.000000 
0.000000  0.000000   0.000000 
0.000000  0.000000   0.000000 
0.000000  0.000000   0.000000 
0.000000  0.000000   0.000000 
0.000000  0.000000   0.000000 
0.000000  0.000000   0.000000 
0.000000  0.000000   0.000000 
0.000000  0.000000   0.000000 
0.000000  0.000000   0.000000 
0.000000  0.000000   0.000000 
0.000000  0.000000   0.000000 
0.000000  0.000000   0.000000 
0.000000  0.000000   0.000000 
0.000000  0.000000   0.000000 
0.000000  0.000000   0.000000 
0.000000  0.000000   0.000000 
0.000000  0.000000   0.000000 
0.000000  0.000000   0.000000 
0.000000  0.000000   0.000000 
0.000000  0.000000   0.000000 
0.000000  0.000000   0.000000 
0.000000  0.000000   0.000000 
0.000000  0.000000   0.000000 
0.000000  0.000000   0.000000 
0.000000  0.000000   0.000000 
0.000000  0.000000   0.000000 
0.000000  0.000000   0.000000 
0.000000  0.000000   0.000000 
0.000000  0.000000   0.000000 
0.000000  0.000000   0.000000 
0.000000  0.000000   0.000000 
0.000000  0.000000   0.000000 
0.000000  0.000000   0.000000 
0.000000  0.000000   0.000000 
0.000000  0.000000   0.000000 
0.008583  0.012656   0.004073 
0.035020  0.038906   0.003886 
0.062569  0.066406   0.003837 
0.091374  0.095156   0.003782 
0.121439  0.125156   0.003717 
0.152760  0.156406   0.003646 
0.185336  0.188906   0.003570 
0.219165  0.222656   0.003492 
0.254246  0.257656   0.003411 
0.290578  0.293906   0.003329 
0.328160  0.331406   0.003246 
0.366993  0.370156   0.003163 
0.407076  0.410156   0.003081 
0.448407  0.451406   0.002999 
0.490988  0.493906   0.002918 
0.534818  0.537656   0.002839 
0.579895  0.582656   0.002761 
0.626222  0.628906   0.002685 
0.673796  0.676406   0.002611 
0.722617  0.725156   0.002539 
0.772687  0.775156   0.002469 
0.824003  0.826406   0.002403 
0.876567  0.878906   0.002339 
0.930378  0.932656   0.002279 
0.985434  0.987656   0.002222 
1.041738  1.043906   0.002169 
1.099287  1.101406   0.002120 
1.158081  1.160156   0.002075 
1.218120  1.220156   0.002036 
1.279404  1.281406   0.002002 
1.341931  1.343906   0.001976 
1.405699  1.407656   0.001957 
1.470708  1.472656   0.001948 
1.536955  1.538906   0.001951 
1.604435  1.606406   0.001971 
1.673141  1.675156   0.002015 
1.743057  1.745156   0.002099 
1.814145  1.816406   0.002261 
1.886270  1.888906   0.002636 
1.958149  1.962656   0.004507 
1.937842  1.938123   0.000281 
1.817678  1.818072   0.000394 
1.702617  1.702881   0.000264 
1.592293  1.592455   0.000162 
1.486621  1.486701   0.000080 
1.385516  1.385525   0.000009 
1.288890  1.288834   0.000056 
1.196652  1.196533   0.000119 
1.108710  1.108529   0.000181 
1.024973  1.024729   0.000244 
0.945345  0.945037   0.000308 
0.869736  0.869361   0.000375 
0.798051  0.797607   0.000443 
0.730196  0.729682   0.000515 
0.666079  0.665490   0.000589 
0.605605  0.604939   0.000666 
0.548681  0.547936   0.000745 
0.495213  0.494385   0.000828 
0.445107  0.444193   0.000913 
0.398269  0.397268   0.001001 
0.354606  0.353514   0.001092 
0.314023  0.312838   0.001185 
0.276427  0.275146   0.001281 
0.241724  0.240346   0.001378 
0.209820  0.208342   0.001478 
0.180620  0.179041   0.001579 
0.154031  0.152350   0.001682 
0.129959  0.128174   0.001785 
0.108310  0.106420   0.001890 
0.088989  0.086994   0.001995 
0.071903  0.069803   0.002100 
0.056957  0.054752   0.002205 
0.044058  0.041748   0.002310 
0.033110  0.030697   0.002413 
0.024021  0.021506   0.002515 
0.016696  0.014080   0.002616 
0.011044  0.008326   0.002718 
0.006980  0.004150   0.002830 
0.004450  0.001459   0.002991 
0.003803  0.000158   0.003645 
0.000000  0.000000   0.000000 
0.000000  0.000000   0.000000 
0.000000  0.000000   0.000000 
0.000000  0.000000   0.000000 
0.000000  0.000000   0.000000 
0.000000  0.000000   0.000000 
0.000000  0.000000   0.000000 
0.000000  0.000000   0.000000 
0.000000  0.000000   0.000000 
0.000000  0.000000   0.000000 
0.000000  0.000000   0.000000 
0.000000  0.000000   0.000000 
0.000000  0.000000   0.000000 
0.000000  0.000000   0.000000 
0.000000  0.000000   0.000000 
0.000000  0.000000   0.000000 
0.000000  0.000000   0.000000 
0.000000  0.000000   0.000000 
0.000000  0.000000   0.000000 
0.000000  0.000000   0.000000 
0.000000  0.000000   0.000000 
0.000000  0.000000   0.000000 
0.000000  0.000000   0.000000 
0.000000  0.000000   0.000000 
0.000000  0.000000   0.000000 
0.000000  0.000000   0.000000 
0.000000  0.000000   0.000000 
0.000000  0.000000   0.000000 
0.000000  0.000000   0.000000 
0.000000  0.000000   0.000000 
0.000000  0.000000   0.000000 
0.000000  0.000000   0.000000 
0.000000  0.000000   0.000000 
0.000000  0.000000   0.000000 
0.000000  0.000000   0.000000 
0.000000  0.000000   0.000000 
0.000000  0.000000   0.000000 
0.000000  0.000000   0.000000 
0.000000  0.000000   0.000000 
0.000000  0.000000   0.000000 
0.000513  0.000108   0.000404 
-0.000039  0.000434   0.000472 
0.000126  0.000978   0.000852 
0.000675  0.001743   0.001068 
0.001517  0.002730   0.001213 
0.002619  0.003940   0.001321 
0.003970  0.005375   0.001405 
0.005561  0.007036   0.001475 
0.007392  0.008925   0.001533 
0.009460  0.011043   0.001582 
0.011766  0.013391   0.001625 
0.014309  0.015972   0.001663 
0.017090  0.018787   0.001697 
0.020109  0.021836   0.001727 
0.023366  0.025122   0.001756 
0.026860  0.028646   0.001786 
0.030588  0.032409   0.001821 
0.034545  0.036413   0.001868 
0.038712  0.040660   0.001948 
0.043029  0.045151   0.002121 
0.001329  0.000217   0.001112 
0.001133  0.000872   0.000262 
0.001708  0.001970   0.000262 
0.002922  0.003518   0.000596 
0.004694  0.005521   0.000827 
0.006989  0.007986   0.000997 
0.009788  0.010918   0.001130 
0.013087  0.014323   0.001236 
0.016881  0.018207   0.001325 
0.021174  0.022575   0.001401 
0.025967  0.027435   0.001467 
0.031264  0.032791   0.001527 
0.037068  0.038649   0.001581 
0.043383  0.045016   0.001632 
0.050213  0.051896   0.001683 
0.057560  0.059297   0.001737 
0.065424  0.067224   0.001800 
0.073802  0.075683   0.001881 
0.082683  0.084679   0.001996 
0.092049  0.094219   0.002170 
0.001675  0.000326   0.001349 
0.001979  0.001313   0.000666 
0.003128  0.002975   0.000153 
0.005103  0.005324   0.000221 
0.007876  0.008374   0.000498 
0.011428  0.012138   0.000710 
0.015751  0.016629   0.000878 
0.020845  0.021860   0.001015 
0.026716  0.027845   0.001130 
0.033369  0.034597   0.001229 
0.040814  0.042130   0.001316 
0.049061  0.050455   0.001394 
0.058120  0.059587   0.001467 
0.068003  0.069539   0.001536 
0.078718  0.080324   0.001606 
0.090276  0.091955   0.001679 
0.102685  0.104445   0.001760 
0.115950  0.117808   0.001858 
0.130077  0.132057   0.001980 
0.145071  0.147205   0.002134 
0.001874  0.000436   0.001438 
0.002646  0.001759   0.000887 
0.004420  0.003993   0.000427 
0.007221  0.007161   0.000059 
0.011055  0.011288   0.000232 
0.015929  0.016395   0.000466 
0.021851  0.022508   0.000656 
0.028834  0.029649   0.000815 
0.036891  0.037841   0.000950 
0.046042  0.047109   0.001067 
0.056305  0.057477   0.001172 
0.067700  0.068966   0.001266 
0.080247  0.081601   0.001355 
0.093967  0.095406   0.001439 
0.108881  0.110404   0.001523 
0.125008  0.126618   0.001609 
0.142369  0.144072   0.001702 
0.160983  0.162789   0.001806 
0.180868  0.182794   0.001926 
0.202047  0.204108   0.002062 
0.002012  0.000546   0.001466 
0.003219  0.002209   0.001010 
0.005631  0.005024   0.000607 
0.009294  0.009030   0.000264 
0.014239  0.014263   0.000024 
0.020495  0.020758   0.000264 
0.028089  0.028555   0.000466 
0.037050  0.037687   0.000638 
0.047407  0.048194   0.000787 
0.059193  0.060111   0.000918 
0.072439  0.073475   0.001036 
0.087179  0.088323   0.001144 
0.103447  0.104691   0.001245 
0.121276  0.122617   0.001341 
0.140701  0.142137   0.001436 
0.161755  0.163287   0.001532 
0.184474  0.186104   0.001631 
0.208890  0.210626   0.001737 
0.235039  0.236889   0.001850 
0.262958  0.264930   0.001971 
0.002121  0.000657   0.001464 
0.003741  0.002662   0.001079 
0.006794  0.006069   0.000725 
0.011341  0.010930   0.000411 
0.017436  0.017299   0.000137 
0.025128  0.025228   0.000099 
0.034465  0.034769   0.000304 
0.045494  0.045977   0.000483 
0.058263  0.058904   0.000641 
0.072820  0.073602   0.000782 
0.089216  0.090126   0.000910 
0.107498  0.108526   0.001028 
0.127719  0.128857   0.001138 
0.149928  0.151172   0.001244 
0.174176  0.175522   0.001346 
0.200514  0.201962   0.001448 
0.228993  0.230543   0.001551 
0.259664  0.261319   0.001656 
0.292580  0.294344   0.001763 
0.327796  0.329668   0.001873 
0.002214  0.000768   0.001446 
0.004233  0.003119   0.001114 
0.007929  0.007127   0.000802 
0.013378  0.012862   0.000517 
0.020657  0.020396   0.000261 
0.029835  0.029802   0.000033 
0.040983  0.041152   0.000169 
0.054168  0.054518   0.000350 
0.069459  0.069971   0.000512 
0.086925  0.087583   0.000659 
0.106635  0.107428   0.000793 
0.128658  0.129576   0.000918 
0.153064  0.154099   0.001036 
0.179922  0.181070   0.001147 
0.209305  0.210560   0.001256 
0.241281  0.242642   0.001361 
0.275922  0.277388   0.001465 
0.313300  0.314869   0.001569 
0.353486  0.355157   0.001671 
0.396554  0.398325   0.001771 
0.002297  0.000880   0.001417 
0.004708  0.003581   0.001127 
0.009049  0.008198   0.000851 
0.015418  0.014824   0.000593 
0.023911  0.023555   0.000356 
0.034623  0.034483   0.000140 
0.047647  0.047703   0.000056 
0.063074  0.063309   0.000234 
0.080997  0.081394   0.000397 
0.101507  0.102054   0.000547 
0.124696  0.125382   0.000685 
0.150656  0.151471   0.000815 
0.179479  0.180417   0.000937 
0.211258  0.212312   0.001054 
0.246086  0.247251   0.001166 
0.284055  0.285329   0.001274 
0.325260  0.326638   0.001379 
0.369793  0.371274   0.001480 
0.417751  0.419329   0.001578 
0.469228  0.470899   0.001670 
0.002374  0.000992   0.001382 
0.005173  0.004046   0.001127 
0.010163  0.009282   0.000882 
0.017467  0.016818   0.000649 
0.027205  0.026774   0.000430 
0.039497  0.039269   0.000227 
0.054461  0.054422   0.000040 
0.072216  0.072351   0.000134 
0.092880  0.093175   0.000295 
0.116569  0.117014   0.000446 
0.143401  0.143988   0.000586 
0.173494  0.174213   0.000719 
0.206966  0.207810   0.000844 
0.243934  0.244898   0.000964 
0.284517  0.285595   0.001078 
0.328833  0.330021   0.001188 
0.377002  0.378294   0.001293 
0.429142  0.430535   0.001393 
0.485374  0.486860   0.001487 
0.545817  0.547390   0.001573 
0.002446  0.001104   0.001342 
0.005632  0.004515   0.001117 
0.011278  0.010379   0.000899 
0.019532  0.018844   0.000689 
0.030544  0.030055   0.000489 
0.044461  0.044161   0.000299 
0.061429  0.061308   0.000121 
0.081596  0.081643   0.000047 
0.105108  0.105313   0.000205 
0.132111  0.132464   0.000354 
0.162751  0.163245   0.000495 
0.197173  0.197801   0.000629 
0.235524  0.236280   0.000756 
0.277950  0.278828   0.000878 
0.324598  0.325592   0.000994 
0.375615  0.376719   0.001105 
0.431147  0.432357   0.001210 
0.491343  0.492651   0.001308 
0.556351  0.557750   0.001399 
0.626318  0.627800   0.001482 
0.002516  0.001217   0.001299 
0.006089  0.004988   0.001101 
0.012397  0.011490   0.000907 
0.021619  0.020901   0.000718 
0.033933  0.033398   0.000536 
0.049519  0.049159   0.000360 
0.068555  0.068363   0.000192 
0.091218  0.091187   0.000031 
0.117685  0.117808   0.000123 
0.148135  0.148405   0.000270 
0.182745  0.183155   0.000410 
0.221692  0.222236   0.000544 
0.265153  0.265826   0.000673 
0.313306  0.314102   0.000796 
0.366328  0.367242   0.000913 
0.424399  0.425424   0.001025 
0.487695  0.488826   0.001131 
0.556397  0.557626   0.001229 
0.630682  0.632000   0.001318 
0.710731  0.712128   0.001397 
0.002584  0.001331   0.001253 
0.006546  0.005465   0.001081 
0.013524  0.012614   0.000910 
0.023730  0.022989   0.000741 
0.037377  0.036801   0.000575 
0.054676  0.054263   0.000413 
0.075841  0.075586   0.000255 
0.101082  0.100981   0.000101 
0.130612  0.130660   0.000048 
0.164643  0.164834   0.000192 
0.203386  0.203716   0.000331 
0.247052  0.247517   0.000465 
0.295853  0.296447   0.000594 
0.350000  0.350719   0.000718 
0.409707  0.410544   0.000837 
0.475183  0.476134   0.000951 
0.546643  0.547700   0.001057 
0.624299  0.625455   0.001156 
0.708364  0.709608   0.001245 
0.799051  0.800373   0.001322 
0.002652  0.001445   0.001206 
0.007005  0.005946   0.001059 
0.014661  0.013751   0.000910 
0.025869  0.025108   0.000761 
0.040877  0.040266   0.000611 
0.059934  0.059472   0.000462 
0.083290  0.082976   0.000313 
0.111192  0.111025   0.000167 
0.143891  0.143868   0.000023 
0.181635  0.181753   0.000118 
0.224674  0.224929   0.000256 
0.273253  0.273643   0.000390 
0.327624  0.328144   0.000520 
0.388034  0.388680   0.000645 
0.454733  0.455499   0.000766 
0.527968  0.528850   0.000881 
0.607991  0.608980   0.000990 
0.695049  0.696139   0.001090 
0.789395  0.790575   0.001180 
0.891279  0.892535   0.001257 
0.002719  0.001560   0.001159 
0.007467  0.006431   0.001036 
0.015812  0.014901   0.000911 
0.028040  0.027259   0.000781 
0.044438  0.043792   0.000647 
0.065297  0.064788   0.000509 
0.090905  0.090535   0.000370 
0.121551  0.121321   0.000230 
0.157524  0.157434   0.000090 
0.199114  0.199162   0.000048 
0.246610  0.246794   0.000185 
0.300298  0.300616   0.000318 
0.360468  0.360917   0.000449 
0.427409  0.427984   0.000576 
0.501408  0.502106   0.000699 
0.582755  0.583571   0.000817 
0.671738  0.672666   0.000928 
0.768648  0.769680   0.001032 
0.873775  0.874900   0.001125 
0.987411  0.988615   0.001204 
0.002786  0.001675   0.001112 
0.007936  0.006920   0.001017 
0.016980  0.016065   0.000915 
0.030245  0.029441   0.000804 
0.048063  0.047379   0.000685 
0.070767  0.070209   0.000558 
0.098688  0.098261   0.000427 
0.132159  0.131867   0.000292 
0.171512  0.171357   0.000156 
0.217080  0.217061   0.000019 
0.269195  0.269311   0.000116 
0.328186  0.328435   0.000249 
0.394385  0.394766   0.000381 
0.468123  0.468633   0.000509 
0.549732  0.550367   0.000635 
0.639542  0.640298   0.000756 
0.737885  0.738758   0.000873 
0.845094  0.846077   0.000982 
0.961503  0.962585   0.001081 
1.087448  1.088612   0.001165 
0.002857  0.001790   0.001066 
0.008416  0.007412   0.001004 
0.018169  0.017241   0.000928 
0.032490  0.031654   0.000836 
0.051756  0.051027   0.000729 
0.076347  0.075736   0.000612 
0.106642  0.106156   0.000486 
0.143019  0.142664   0.000355 
0.185858  0.185637   0.000221 
0.235535  0.235449   0.000086 
0.292430  0.292479   0.000049 
0.356918  0.357101   0.000183 
0.429376  0.429690   0.000315 
0.510180  0.510625   0.000445 
0.599707  0.600280   0.000573 
0.698332  0.699032   0.000699 
0.806434  0.807256   0.000823 
0.924389  0.925330   0.000941 
1.052578  1.053628   0.001050 
1.191384  1.192527   0.001143 
0.002933  0.001906   0.001027 
0.008913  0.007909   0.001004 
0.019387  0.018431   0.000956 
0.034780  0.033899   0.000881 
0.055521  0.054737   0.000785 
0.082041  0.081368   0.000673 
0.114768  0.114218   0.000550 
0.154132  0.153712   0.000420 
0.200561  0.200273   0.000287 
0.254480  0.254327   0.000152 
0.316317  0.316299   0.000017 
0.386495  0.386612   0.000117 
0.465441  0.465691   0.000250 
0.553579  0.553961   0.000382 
0.651333  0.651846   0.000513 
0.759127  0.759770   0.000643 
0.877385  0.878160   0.000774 
1.006533  1.007438   0.000905 
1.146998  1.148030   0.001032 
1.299216  1.300360   0.001144 
0.003025  0.002023   0.001002 
0.009440  0.008409   0.001031 
0.020644  0.019635   0.001010 
0.037122  0.036175   0.000947 
0.059362  0.058507   0.000854 
0.087849  0.087106   0.000743 
0.123068  0.122449   0.000620 
0.165499  0.165010   0.000489 
0.215622  0.215267   0.000355 
0.273913  0.273695   0.000219 
0.340854  0.340772   0.000083 
0.416917  0.416970   0.000053 
0.502581  0.502768   0.000186 
0.598321  0.598640   0.000319 
0.704613  0.705064   0.000451 
0.821930  0.822515   0.000585 
0.950746  0.951469   0.000724 
1.091533  1.092403   0.000870 
1.244767  1.245791   0.001024 
1.410938  1.412111   0.001173 
0.003159  0.002140   0.001019 
0.010025  0.008914   0.001112 
0.021956  0.020851   0.001104 
0.039522  0.038483   0.001039 
0.063280  0.062339   0.000941 
0.093774  0.092950   0.000824 
0.131542  0.130847   0.000695 
0.177120  0.176559   0.000560 
0.231040  0.230618   0.000423 
0.293836  0.293552   0.000284 
0.366042  0.365895   0.000146 
0.448185  0.448174   0.000011 
0.540797  0.540920   0.000123 
0.644408  0.644664   0.000255 
0.759548  0.759936   0.000387 
0.886744  0.887266   0.000521 
1.026522  1.027185   0.000663 
1.179401  1.180223   0.000822 
1.345899  1.346911   0.001012 
1.526540  1.527779   0.001239 
0.003439  0.002258   0.001181 
0.010712  0.009422   0.001290 
0.023333  0.022081   0.001252 
0.041983  0.040822   0.001161 
0.067277  0.066232   0.001045 
0.099814  0.098900   0.000914 
0.140189  0.139413   0.000776 
0.188993  0.188359   0.000633 
0.246816  0.246325   0.000490 
0.314248  0.313899   0.000348 
0.391879  0.391671   0.000208 
0.480296  0.480224   0.000072 
0.580086  0.580148   0.000062 
0.691839  0.692031   0.000192 
0.816140  0.816460   0.000320 
0.953573  0.954022   0.000449 
1.104721  1.105306   0.000585 
1.270159  1.270900   0.000741 
1.450441  1.451390   0.000949 
1.646058  1.647364   0.001306 
