0.000000  0.000000   0.000000 
0.000000  0.000000   0.000000 
0.000000  0.000000   0.000000 
0.000000  0.000000   0.000000 
0.000000  0.000000   0.000000 
0.000000  0.000000   0.000000 
0.000000  0.000000   0.000000 
0.000000  0.000000   0.000000 
0.000000  0.000000   0.000000 
0.000000  0.000000   0.000000 
0.000000  0.000000   0.000000 
0.000000  0.000000   0.000000 
0.000000  0.000000   0.000000 
0.000000  0.000000   0.000000 
0.000000  0.000000   0.000000 
0.000000  0.000000   0.000000 
0.000000  0.000000   0.000000 
0.000000  0.000000   0.000000 
0.000000  0.000000   0.000000 
0.000000  0.000000   0.000000 
0.000000  0.000000   0.000000 
0.000000  0.000000   0.000000 
0.000000  0.000000   0.000000 
0.000000  0.000000   0.000000 
0.000000  0.000000   0.000000 
0.000000  0.000000   0.000000 
0.000000  0.000000   0.000000 
0.000000  0.000000   0.000000 
0.000000  0.000000   0.000000 
0.000000  0.000000   0.000000 
0.000000  0.000000   0.000000 
0.000000  0.000000   0.000000 
0.000000  0.000000   0.000000 
0.000000  0.000000   0.000000 
0.000000  0.000000   0.000000 
0.000000  0.000000   0.000000 
0.000000  0.000000   0.000000 
0.000000  0.000000   0.000000 
0.000000  0.000000   0.000000 
0.000000  0.000000   0.000000 
0.000000  0.000000   0.000000 
0.000000  0.000000   0.000000 
0.000000  0.000000   0.000000 
0.000000  0.000000   0.000000 
0.000000  0.000000   0.000000 
0.000000  0.000000   0.000000 
0.000000  0.000000   0.000000 
0.000000  0.000000   0.000000 
0.000000  0.000000   0.000000 
0.000000  0.000000   0.000000 
0.000000  0.000000   0.000000 
0.000000  0.000000   0.000000 
0.000000  0.000000   0.000000 
0.000000  0.000000   0.000000 
0.000000  0.000000   0.000000 
0.000000  0.000000   0.000000 
0.000000  0.000000   0.000000 
0.000000  0.000000   0.000000 
0.000000  0.000000   0.000000 
0.000000  0.000000   0.000000 
0.000000  0.000000   0.000000 
0.000000  0.000000   0.000000 
0.000000  0.000000   0.000000 
0.000000  0.000000   0.000000 
0.000000  0.000000   0.000000 
0.000000  0.000000   0.000000 
0.000000  0.000000   0.000000 
0.000000  0.000000   0.000000 
0.000000  0.000000   0.000000 
0.000000  0.000000   0.000000 
0.000000  0.000000   0.000000 
0.000000  0.000000   0.000000 
0.000000  0.000000   0.000000 
0.000000  0.000000   0.000000 
0.000000  0.000000   0.000000 
0.000000  0.000000   0.000000 
0.000000  0.000000   0.000000 
0.000000  0.000000   0.000000 
0.000000  0.000000   0.000000 
0.000000  0.000000   0.000000 
0.004434  0.006289   0.001855 
0.017317  0.019102   0.001785 
0.030436  0.032227   0.001791 
0.043872  0.045664   0.001792 
0.057625  0.059414   0.001789 
0.071696  0.073477   0.001781 
0.086081  0.087852   0.001771 
0.100781  0.102539   0.001758 
0.115794  0.117539   0.001745 
0.131122  0.132852   0.001730 
0.146763  0.148477   0.001714 
0.162717  0.164414   0.001697 
0.178985  0.180664   0.001679 
0.195565  0.197227   0.001661 
0.212459  0.214102   0.001643 
0.229665  0.231289   0.001624 
0.247184  0.248789   0.001605 
0.265015  0.266602   0.001586 
0.283160  0.284727   0.001567 
0.301617  0.303164   0.001547 
0.320386  0.321914   0.001528 
0.339469  0.340977   0.001508 
0.358863  0.360352   0.001488 
0.378571  0.380039   0.001468 
0.398590  0.400039   0.001449 
0.418923  0.420352   0.001429 
0.439567  0.440977   0.001409 
0.460524  0.461914   0.001390 
0.481794  0.483164   0.001370 
0.503376  0.504727   0.001351 
0.525270  0.526602   0.001332 
0.547476  0.548789   0.001313 
0.569995  0.571289   0.001294 
0.592827  0.594102   0.001275 
0.615970  0.617227   0.001256 
0.639426  0.640664   0.001238 
0.663195  0.664414   0.001219 
0.687275  0.688477   0.001201 
0.711668  0.712852   0.001184 
0.736373  0.737539   0.001166 
0.761390  0.762539   0.001149 
0.786720  0.787852   0.001132 
0.812362  0.813477   0.001115 
0.838316  0.839414   0.001098 
0.864582  0.865664   0.001082 
0.891160  0.892227   0.001066 
0.918051  0.919102   0.001051 
0.945254  0.946289   0.001036 
0.972768  0.973789   0.001021 
1.000596  1.001602   0.001006 
1.028735  1.029727   0.000992 
1.057186  1.058164   0.000978 
1.085949  1.086914   0.000965 
1.115025  1.115977   0.000952 
1.144412  1.145352   0.000939 
1.174112  1.175039   0.000927 
1.204124  1.205039   0.000915 
1.234447  1.235352   0.000904 
1.265083  1.265977   0.000894 
1.296030  1.296914   0.000884 
1.327290  1.328164   0.000874 
1.358861  1.359727   0.000865 
1.390744  1.391602   0.000857 
1.422939  1.423789   0.000850 
1.455446  1.456289   0.000843 
1.488264  1.489102   0.000838 
1.521393  1.522227   0.000833 
1.554834  1.555664   0.000830 
1.588586  1.589414   0.000828 
1.622649  1.623477   0.000827 
1.657023  1.657852   0.000829 
1.691707  1.692539   0.000832 
1.726700  1.727539   0.000839 
1.762001  1.762852   0.000850 
1.797610  1.798477   0.000867 
1.833521  1.834414   0.000893 
1.869729  1.870664   0.000935 
1.906217  1.907227   0.001010 
1.942920  1.944102   0.001182 
1.979213  1.981289   0.002076 
1.968896  1.968906   0.000010 
1.907518  1.907650   0.000131 
1.847532  1.847626   0.000094 
1.788760  1.788823   0.000063 
1.731189  1.731228   0.000039 
1.674811  1.674831   0.000020 
1.619616  1.619620   0.000004 
1.565592  1.565582   0.000010 
1.512729  1.512707   0.000022 
1.461015  1.460982   0.000034 
1.410440  1.410395   0.000045 
1.360992  1.360936   0.000056 
1.312658  1.312592   0.000067 
1.265428  1.265351   0.000077 
1.219290  1.219202   0.000088 
1.174233  1.174133   0.000099 
1.130243  1.130133   0.000111 
1.087311  1.087189   0.000122 
1.045424  1.045290   0.000134 
1.004570  1.004424   0.000146 
0.964738  0.964580   0.000159 
0.925917  0.925745   0.000171 
0.888094  0.887909   0.000185 
0.851257  0.851059   0.000198 
0.815395  0.815183   0.000212 
0.780497  0.780271   0.000226 
0.746550  0.746309   0.000241 
0.713543  0.713287   0.000256 
0.681465  0.681193   0.000271 
0.650302  0.650015   0.000287 
0.620044  0.619741   0.000303 
0.590679  0.590360   0.000320 
0.562196  0.561859   0.000337 
0.534582  0.534228   0.000354 
0.507825  0.507454   0.000372 
0.481915  0.481526   0.000390 
0.456839  0.456431   0.000408 
0.432586  0.432159   0.000427 
0.409143  0.408698   0.000445 
0.386500  0.386035   0.000465 
0.364644  0.364160   0.000484 
0.343564  0.343060   0.000504 
0.323248  0.322723   0.000525 
0.303684  0.303139   0.000545 
0.284860  0.284295   0.000566 
0.266766  0.266179   0.000587 
0.249388  0.248780   0.000608 
0.232716  0.232086   0.000630 
0.216737  0.216086   0.000651 
0.201440  0.200767   0.000673 
0.186814  0.186118   0.000696 
0.172845  0.172127   0.000718 
0.159524  0.158783   0.000741 
0.146837  0.146073   0.000763 
0.134773  0.133987   0.000786 
0.123321  0.122512   0.000809 
0.112469  0.111636   0.000832 
0.102204  0.101349   0.000855 
0.092516  0.091637   0.000879 
0.083393  0.082490   0.000902 
0.074822  0.073896   0.000925 
0.066792  0.065843   0.000949 
0.059291  0.058319   0.000972 
0.052308  0.051313   0.000995 
0.045831  0.044812   0.001019 
0.039848  0.038806   0.001042 
0.034347  0.033282   0.001065 
0.029316  0.028229   0.001088 
0.024745  0.023635   0.001110 
0.020620  0.019488   0.001133 
0.016931  0.015776   0.001155 
0.013666  0.012489   0.001178 
0.010813  0.009613   0.001200 
0.008360  0.007138   0.001222 
0.006297  0.005052   0.001246 
0.004613  0.003342   0.001271 
0.003297  0.001998   0.001300 
0.002346  0.001007   0.001339 
0.001773  0.000358   0.001415 
0.001806  0.000039   0.001767 
0.000000  0.000000   0.000000 
0.000000  0.000000   0.000000 
0.000000  0.000000   0.000000 
0.000000  0.000000   0.000000 
0.000000  0.000000   0.000000 
0.000000  0.000000   0.000000 
0.000000  0.000000   0.000000 
0.000000  0.000000   0.000000 
0.000000  0.000000   0.000000 
0.000000  0.000000   0.000000 
0.000000  0.000000   0.000000 
0.000000  0.000000   0.000000 
0.000000  0.000000   0.000000 
0.000000  0.000000   0.000000 
0.000000  0.000000   0.000000 
0.000000  0.000000   0.000000 
0.000000  0.000000   0.000000 
0.000000  0.000000   0.000000 
0.000000  0.000000   0.000000 
0.000000  0.000000   0.000000 
0.000000  0.000000   0.000000 
0.000000  0.000000   0.000000 
0.000000  0.000000   0.000000 
0.000000  0.000000   0.000000 
0.000000  0.000000   0.000000 
0.000000  0.000000   0.000000 
0.000000  0.000000   0.000000 
0.000000  0.000000   0.000000 
0.000000  0.000000   0.000000 
0.000000  0.000000   0.000000 
0.000000  0.000000   0.000000 
0.000000  0.000000   0.000000 
0.000000  0.000000   0.000000 
0.000000  0.000000   0.000000 
0.000000  0.000000   0.000000 
0.000000  0.000000   0.000000 
0.000000  0.000000   0.000000 
0.000000  0.000000   0.000000 
0.000000  0.000000   0.000000 
0.000000  0.000000   0.000000 
0.000000  0.000000   0.000000 
0.000000  0.000000   0.000000 
0.000000  0.000000   0.000000 
0.000000  0.000000   0.000000 
0.000000  0.000000   0.000000 
0.000000  0.000000   0.000000 
0.000000  0.000000   0.000000 
0.000000  0.000000   0.000000 
0.000000  0.000000   0.000000 
0.000000  0.000000   0.000000 
0.000000  0.000000   0.000000 
0.000000  0.000000   0.000000 
0.000000  0.000000   0.000000 
0.000000  0.000000   0.000000 
0.000000  0.000000   0.000000 
0.000000  0.000000   0.000000 
0.000000  0.000000   0.000000 
0.000000  0.000000   0.000000 
0.000000  0.000000   0.000000 
0.000000  0.000000   0.000000 
0.000000  0.000000   0.000000 
0.000000  0.000000   0.000000 
0.000000  0.000000   0.000000 
0.000000  0.000000   0.000000 
0.000000  0.000000   0.000000 
0.000000  0.000000   0.000000 
0.000000  0.000000   0.000000 
0.000000  0.000000   0.000000 
0.000000  0.000000   0.000000 
0.000000  0.000000   0.000000 
0.000000  0.000000   0.000000 
0.000000  0.000000   0.000000 
0.000000  0.000000   0.000000 
0.000000  0.000000   0.000000 
0.000000  0.000000   0.000000 
0.000000  0.000000   0.000000 
0.000000  0.000000   0.000000 
0.000000  0.000000   0.000000 
0.000000  0.000000   0.000000 
0.000000  0.000000   0.000000 
0.000216  0.000108   0.000108 
0.000165  0.000434   0.000268 
0.000543  0.000978   0.000435 
0.001213  0.001743   0.000530 
0.002137  0.002730   0.000593 
0.003301  0.003940   0.000639 
0.004701  0.005375   0.000674 
0.006333  0.007036   0.000703 
0.008199  0.008925   0.000726 
0.010297  0.011043   0.000745 
0.012630  0.013391   0.000762 
0.015196  0.015972   0.000776 
0.017998  0.018787   0.000788 
0.021037  0.021836   0.000799 
0.024312  0.025122   0.000810 
0.027825  0.028646   0.000821 
0.031575  0.032409   0.000834 
0.035560  0.036413   0.000853 
0.039773  0.040660   0.000888 
0.044188  0.045151   0.000963 
0.000648  0.000217   0.000431 
0.000932  0.000872   0.000061 
0.001802  0.001970   0.000168 
0.003203  0.003518   0.000315 
0.005106  0.005521   0.000416 
0.007496  0.007986   0.000490 
0.010371  0.010918   0.000547 
0.013731  0.014323   0.000592 
0.017577  0.018207   0.000630 
0.021914  0.022575   0.000661 
0.026746  0.027435   0.000689 
0.032078  0.032791   0.000713 
0.037914  0.038649   0.000735 
0.044260  0.045016   0.000756 
0.051119  0.051896   0.000777 
0.058497  0.059297   0.000800 
0.066397  0.067224   0.000827 
0.074819  0.075683   0.000863 
0.083763  0.084679   0.000916 
0.093219  0.094219   0.001000 
0.000875  0.000326   0.000549 
0.001562  0.001313   0.000248 
0.002997  0.002975   0.000022 
0.005182  0.005324   0.000142 
0.008110  0.008374   0.000264 
0.011781  0.012138   0.000357 
0.016199  0.016629   0.000430 
0.021371  0.021860   0.000489 
0.027307  0.027845   0.000539 
0.034017  0.034597   0.000581 
0.041512  0.042130   0.000618 
0.049804  0.050455   0.000651 
0.058905  0.059587   0.000682 
0.068827  0.069539   0.000712 
0.079582  0.080324   0.000742 
0.091180  0.091955   0.000774 
0.103634  0.104445   0.000811 
0.116952  0.117808   0.000856 
0.131143  0.132057   0.000914 
0.146215  0.147205   0.000990 
0.001036  0.000436   0.000600 
0.002114  0.001759   0.000355 
0.004145  0.003993   0.000152 
0.007150  0.007161   0.000011 
0.011148  0.011288   0.000140 
0.016153  0.016395   0.000243 
0.022181  0.022508   0.000326 
0.029253  0.029649   0.000396 
0.037387  0.037841   0.000455 
0.046604  0.047109   0.000505 
0.056926  0.057477   0.000551 
0.068374  0.068966   0.000592 
0.080971  0.081601   0.000630 
0.094739  0.095406   0.000667 
0.109700  0.110404   0.000704 
0.125875  0.126618   0.000743 
0.143286  0.144072   0.000786 
0.161955  0.162789   0.000834 
0.181902  0.182794   0.000891 
0.203150  0.204108   0.000958 
0.001168  0.000546   0.000622 
0.002627  0.002209   0.000418 
0.005263  0.005024   0.000238 
0.009116  0.009030   0.000086 
0.014221  0.014263   0.000041 
0.020611  0.020758   0.000148 
0.028318  0.028555   0.000237 
0.037375  0.037687   0.000312 
0.047816  0.048194   0.000378 
0.059675  0.060111   0.000436 
0.072988  0.073475   0.000487 
0.087789  0.088323   0.000534 
0.104113  0.104691   0.000579 
0.121996  0.122617   0.000621 
0.141473  0.142137   0.000664 
0.162580  0.163287   0.000707 
0.185352  0.186104   0.000753 
0.209824  0.210626   0.000803 
0.236032  0.236889   0.000857 
0.264013  0.264930   0.000916 
0.001285  0.000657   0.000629 
0.003118  0.002662   0.000456 
0.006366  0.006069   0.000297 
0.011088  0.010930   0.000157 
0.017334  0.017299   0.000036 
0.025158  0.025228   0.000069 
0.034609  0.034769   0.000160 
0.045738  0.045977   0.000239 
0.058595  0.058904   0.000309 
0.073231  0.073602   0.000371 
0.089698  0.090126   0.000428 
0.108047  0.108526   0.000480 
0.128329  0.128857   0.000528 
0.150596  0.151172   0.000575 
0.174901  0.175522   0.000622 
0.201294  0.201962   0.000668 
0.229828  0.230543   0.000715 
0.260555  0.261319   0.000765 
0.293527  0.294344   0.000816 
0.328799  0.329668   0.000869 
0.001395  0.000768   0.000627 
0.003597  0.003119   0.000478 
0.007464  0.007127   0.000338 
0.013072  0.012862   0.000210 
0.020492  0.020396   0.000096 
0.029797  0.029802   0.000006 
0.041057  0.041152   0.000096 
0.054342  0.054518   0.000176 
0.069723  0.069971   0.000247 
0.087271  0.087583   0.000312 
0.107056  0.107428   0.000372 
0.129148  0.129576   0.000427 
0.153619  0.154099   0.000480 
0.180540  0.181070   0.000530 
0.209982  0.210560   0.000578 
0.242016  0.242642   0.000626 
0.276713  0.277388   0.000675 
0.314146  0.314869   0.000723 
0.354385  0.355157   0.000772 
0.397504  0.398325   0.000820 
0.001500  0.000880   0.000621 
0.004070  0.003581   0.000490 
0.008563  0.008198   0.000365 
0.015074  0.014824   0.000250 
0.023698  0.023555   0.000143 
0.034530  0.034483   0.000047 
0.047662  0.047703   0.000041 
0.063189  0.063309   0.000120 
0.081202  0.081394   0.000192 
0.101795  0.102054   0.000259 
0.125061  0.125382   0.000320 
0.151093  0.151471   0.000378 
0.179984  0.180417   0.000433 
0.211827  0.212312   0.000485 
0.246716  0.247251   0.000535 
0.284745  0.285329   0.000584 
0.326006  0.326638   0.000632 
0.370594  0.371274   0.000680 
0.418603  0.419329   0.000726 
0.470128  0.470899   0.000771 
0.001602  0.000992   0.000610 
0.004541  0.004046   0.000495 
0.009666  0.009282   0.000384 
0.017097  0.016818   0.000279 
0.026955  0.026774   0.000181 
0.039359  0.039269   0.000090 
0.054428  0.054422   0.000006 
0.072279  0.072351   0.000072 
0.093032  0.093175   0.000143 
0.116804  0.117014   0.000210 
0.143715  0.143988   0.000273 
0.173882  0.174213   0.000332 
0.207423  0.207810   0.000387 
0.244457  0.244898   0.000441 
0.285103  0.285595   0.000492 
0.329479  0.330021   0.000542 
0.377705  0.378294   0.000590 
0.429898  0.430535   0.000636 
0.486180  0.486860   0.000680 
0.546668  0.547390   0.000722 
0.001702  0.001104   0.000597 
0.005011  0.004515   0.000495 
0.010776  0.010379   0.000396 
0.019145  0.018844   0.000301 
0.030267  0.030055   0.000211 
0.044288  0.044161   0.000126 
0.061355  0.061308   0.000046 
0.081614  0.081643   0.000029 
0.105214  0.105313   0.000099 
0.132299  0.132464   0.000165 
0.163017  0.163245   0.000228 
0.197514  0.197801   0.000288 
0.235935  0.236280   0.000344 
0.278429  0.278828   0.000398 
0.325141  0.325592   0.000450 
0.376219  0.376719   0.000500 
0.431809  0.432357   0.000548 
0.492058  0.492651   0.000593 
0.557114  0.557750   0.000636 
0.627124  0.627800   0.000675 
0.001800  0.001217   0.000583 
0.005481  0.004988   0.000493 
0.011895  0.011490   0.000405 
0.021220  0.020901   0.000319 
0.033634  0.033398   0.000236 
0.049317  0.049159   0.000157 
0.068445  0.068363   0.000082 
0.091196  0.091187   0.000010 
0.117749  0.117808   0.000059 
0.148280  0.148405   0.000124 
0.182969  0.183155   0.000187 
0.221990  0.222236   0.000246 
0.265522  0.265826   0.000303 
0.313744  0.314102   0.000358 
0.366832  0.367242   0.000410 
0.424964  0.425424   0.000460 
0.488319  0.488826   0.000508 
0.557073  0.557626   0.000552 
0.631407  0.632000   0.000594 
0.711497  0.712128   0.000631 
0.001898  0.001331   0.000567 
0.005953  0.005465   0.000488 
0.013024  0.012614   0.000410 
0.023322  0.022989   0.000333 
0.037059  0.036801   0.000258 
0.054448  0.054263   0.000185 
0.075699  0.075586   0.000113 
0.101025  0.100981   0.000044 
0.130638  0.130660   0.000022 
0.164748  0.164834   0.000086 
0.203569  0.203716   0.000148 
0.247309  0.247517   0.000207 
0.296183  0.296447   0.000264 
0.350400  0.350719   0.000319 
0.410172  0.410544   0.000372 
0.475712  0.476134   0.000422 
0.547231  0.547700   0.000469 
0.624941  0.625455   0.000513 
0.709054  0.709608   0.000554 
0.799783  0.800373   0.000590 
0.001996  0.001445   0.000550 
0.006428  0.005946   0.000482 
0.014165  0.013751   0.000414 
0.025454  0.025108   0.000346 
0.040543  0.040266   0.000278 
0.059682  0.059472   0.000210 
0.083119  0.082976   0.000143 
0.111102  0.111025   0.000077 
0.143881  0.143868   0.000012 
0.181703  0.181753   0.000050 
0.224818  0.224929   0.000111 
0.273473  0.273643   0.000170 
0.327917  0.328144   0.000227 
0.388398  0.388680   0.000282 
0.455164  0.455499   0.000335 
0.528465  0.528850   0.000385 
0.608548  0.608980   0.000433 
0.695662  0.696139   0.000477 
0.790058  0.790575   0.000517 
0.891982  0.892535   0.000553 
0.002093  0.001560   0.000534 
0.006907  0.006431   0.000477 
0.015319  0.014901   0.000418 
0.027617  0.027259   0.000358 
0.044088  0.043792   0.000296 
0.065022  0.064788   0.000234 
0.090706  0.090535   0.000171 
0.121429  0.121321   0.000108 
0.157479  0.157434   0.000045 
0.199146  0.199162   0.000016 
0.246718  0.246794   0.000076 
0.300481  0.300616   0.000135 
0.360725  0.360917   0.000192 
0.427738  0.427984   0.000247 
0.501807  0.502106   0.000300 
0.583221  0.583571   0.000350 
0.672268  0.672666   0.000399 
0.769237  0.769680   0.000444 
0.874416  0.874900   0.000484 
0.988095  0.988615   0.000520 
0.002192  0.001675   0.000517 
0.007391  0.006920   0.000472 
0.016488  0.016065   0.000424 
0.029813  0.029441   0.000372 
0.047695  0.047379   0.000316 
0.070467  0.070209   0.000258 
0.098460  0.098261   0.000199 
0.132005  0.131867   0.000138 
0.171434  0.171357   0.000077 
0.217077  0.217061   0.000017 
0.269268  0.269311   0.000043 
0.328334  0.328435   0.000101 
0.394608  0.394766   0.000158 
0.468420  0.468633   0.000213 
0.550100  0.550367   0.000266 
0.639981  0.640298   0.000318 
0.738391  0.738758   0.000367 
0.845664  0.846077   0.000413 
0.962129  0.962585   0.000455 
1.088120  1.088612   0.000492 
0.002292  0.001790   0.000501 
0.007882  0.007412   0.000470 
0.017674  0.017241   0.000432 
0.032043  0.031654   0.000388 
0.051366  0.051027   0.000338 
0.076020  0.075736   0.000284 
0.106383  0.106156   0.000227 
0.142832  0.142664   0.000168 
0.185745  0.185637   0.000108 
0.235498  0.235449   0.000048 
0.292469  0.292479   0.000011 
0.357032  0.357101   0.000069 
0.429565  0.429690   0.000125 
0.510444  0.510625   0.000181 
0.600045  0.600280   0.000234 
0.698745  0.699032   0.000287 
0.806919  0.807256   0.000337 
0.924944  0.925330   0.000386 
1.053197  1.053628   0.000431 
1.192057  1.192527   0.000470 
0.002395  0.001906   0.000489 
0.008382  0.007909   0.000474 
0.018879  0.018431   0.000447 
0.034310  0.033899   0.000410 
0.055101  0.054737   0.000365 
0.081681  0.081368   0.000313 
0.114475  0.114218   0.000257 
0.153910  0.153712   0.000198 
0.200412  0.200273   0.000139 
0.254407  0.254327   0.000080 
0.316320  0.316299   0.000021 
0.386575  0.386612   0.000037 
0.465597  0.465691   0.000094 
0.553811  0.553961   0.000149 
0.651642  0.651846   0.000204 
0.759514  0.759770   0.000257 
0.877851  0.878160   0.000309 
1.007078  1.007438   0.000360 
1.147620  1.148030   0.000410 
1.299905  1.300360   0.000455 
0.002506  0.002023   0.000483 
0.008898  0.008409   0.000489 
0.020108  0.019635   0.000473 
0.036616  0.036175   0.000441 
0.058904  0.058507   0.000397 
0.087451  0.087106   0.000345 
0.122737  0.122449   0.000289 
0.165240  0.165010   0.000230 
0.215437  0.215267   0.000170 
0.273805  0.273695   0.000110 
0.340822  0.340772   0.000051 
0.416962  0.416970   0.000007 
0.502703  0.502768   0.000064 
0.598521  0.598640   0.000119 
0.704891  0.705064   0.000173 
0.822289  0.822515   0.000227 
0.951189  0.951469   0.000280 
1.092068  1.092403   0.000335 
1.245399  1.245791   0.000392 
1.411662  1.412111   0.000448 
0.002635  0.002140   0.000495 
0.009439  0.008914   0.000525 
0.021366  0.020851   0.000515 
0.038965  0.038483   0.000482 
0.062774  0.062339   0.000435 
0.093331  0.092950   0.000381 
0.131169  0.130847   0.000322 
0.176821  0.176559   0.000262 
0.230818  0.230618   0.000200 
0.293692  0.293552   0.000139 
0.365975  0.365895   0.000079 
0.448195  0.448174   0.000021 
0.540885  0.540920   0.000035 
0.644574  0.644664   0.000090 
0.759792  0.759936   0.000143 
0.887070  0.887266   0.000196 
1.026936  1.027185   0.000249 
1.179917  1.180223   0.000306 
1.346538  1.346911   0.000373 
1.527328  1.527779   0.000451 
0.002823  0.002258   0.000566 
0.010023  0.009422   0.000601 
0.022659  0.022081   0.000579 
0.041356  0.040822   0.000535 
0.066712  0.066232   0.000480 
0.099321  0.098900   0.000420 
0.139771  0.139413   0.000357 
0.188653  0.188359   0.000293 
0.246555  0.246325   0.000230 
0.314067  0.313899   0.000167 
0.391777  0.391671   0.000106 
0.480272  0.480224   0.000048 
0.580140  0.580148   0.000008 
0.691969  0.692031   0.000062 
0.816346  0.816460   0.000114 
0.953859  0.954022   0.000163 
1.105093  1.105306   0.000214 
1.270632  1.270900   0.000268 
1.451052  1.451390   0.000337 
1.646912  1.647364   0.000452 
