0.000000  -0.273413 
0.000000  -0.096376 
0.000000  -0.047634 
0.000000  -0.032981 
0.000000  -0.026866 
0.000000  -0.023970 
0.000000  -0.022819 
0.000000  -0.022815 
0.000000  -0.023656 
0.000000  -0.025170 
0.000000  -0.027252 
0.000000  -0.029835 
0.000000  -0.032871 
0.000000  -0.036329 
0.000000  -0.040185 
0.000000  -0.044424 
0.000000  -0.049032 
0.000000  -0.053998 
0.000000  -0.059316 
0.000000  -0.064980 
0.000000  -0.070984 
0.000000  -0.077324 
0.000000  -0.083997 
0.000000  -0.091000 
0.000000  -0.098332 
0.000000  -0.105989 
0.000000  -0.113972 
0.000000  -0.122277 
0.000000  -0.130905 
0.000000  -0.139853 
0.000000  -0.149122 
0.000000  -0.158710 
0.000000  -0.168617 
0.000000  -0.178841 
0.000000  -0.189383 
0.000000  -0.200243 
0.000000  -0.211419 
0.000000  -0.222911 
0.000000  -0.234719 
0.000000  -0.246843 
0.000000  -0.259282 
0.000000  -0.272036 
0.000000  -0.285106 
0.000000  -0.298490 
0.000000  -0.312188 
0.000000  -0.326201 
0.000000  -0.340529 
0.000000  -0.355170 
0.000000  -0.370125 
0.000000  -0.385395 
0.000000  -0.400978 
0.000000  -0.416875 
0.000000  -0.433086 
0.000000  -0.449610 
0.000000  -0.466448 
0.000000  -0.483600 
0.000000  -0.501065 
0.000000  -0.518844 
0.000000  -0.536936 
0.000000  -0.555343 
0.000000  -0.574063 
0.000000  -0.593098 
0.000000  -0.612447 
0.000000  -0.632111 
0.000000  -0.652091 
0.000000  -0.672387 
0.000000  -0.693001 
0.000000  -0.713934 
0.000000  -0.735189 
0.000000  -0.756771 
0.000000  -0.778684 
0.000000  -0.800939 
0.000000  -0.823552 
0.000000  -0.846554 
0.000000  -0.870002 
0.000000  -0.894025 
0.000000  -0.918868 
0.000000  -0.944365 
0.000000  -0.963313 
0.000000  -0.954709 
0.004434  0.012617 
0.017317  0.038555 
0.030436  0.065430 
0.043872  0.093242 
0.057625  0.121992 
0.071696  0.151680 
0.086081  0.182305 
0.100781  0.213867 
0.115794  0.246367 
0.131122  0.279805 
0.146763  0.314180 
0.162717  0.349492 
0.178985  0.385742 
0.195565  0.422930 
0.212459  0.461055 
0.229665  0.500117 
0.247184  0.540117 
0.265015  0.581055 
0.283160  0.622930 
0.301617  0.665742 
0.320386  0.709492 
0.339469  0.754180 
0.358863  0.799805 
0.378571  0.846367 
0.398590  0.893867 
0.418923  0.942305 
0.439567  0.991680 
0.460524  1.041992 
0.481794  1.093242 
0.503376  1.145430 
0.525270  1.198555 
0.547476  1.252617 
0.569995  1.307617 
0.592827  1.363555 
0.615970  1.420430 
0.639426  1.478242 
0.663195  1.536992 
0.687275  1.596680 
0.711668  1.657305 
0.736373  1.718867 
0.761390  1.781367 
0.786720  1.844805 
0.812362  1.909180 
0.838316  1.974492 
0.864582  2.040742 
0.891160  2.107930 
0.918051  2.176055 
0.945254  2.245117 
0.972768  2.315117 
1.000596  2.386055 
1.028735  2.457930 
1.057186  2.530742 
1.085949  2.604492 
1.115025  2.679180 
1.144412  2.754805 
1.174112  2.831367 
1.204124  2.908867 
1.234447  2.987305 
1.265083  3.066680 
1.296030  3.146992 
1.327290  3.228242 
1.358861  3.310430 
1.390744  3.393555 
1.422939  3.477617 
1.455446  3.562617 
1.488264  3.648555 
1.521393  3.735430 
1.554834  3.823242 
1.588586  3.911992 
1.622649  4.001680 
1.657023  4.092305 
1.691707  4.183867 
1.726700  4.276367 
1.762001  4.369805 
1.797610  4.464180 
1.833521  4.559492 
1.869729  4.655742 
1.906217  4.752930 
1.942920  4.851055 
1.979213  4.950117 
1.968896  2.950273 
1.907518  2.852448 
1.847532  2.756775 
1.788760  2.663231 
1.731189  2.571792 
1.674811  2.482436 
1.619616  2.395138 
1.565592  2.309875 
1.512729  2.226625 
1.461015  2.145362 
1.410440  2.066064 
1.360992  1.988708 
1.312658  1.913269 
1.265428  1.839725 
1.219290  1.768052 
1.174233  1.698227 
1.130243  1.630226 
1.087311  1.564026 
1.045424  1.499603 
1.004570  1.436934 
0.964738  1.375996 
0.925917  1.316764 
0.888094  1.259216 
0.851257  1.203329 
0.815395  1.149078 
0.780497  1.096440 
0.746550  1.045392 
0.713543  0.995911 
0.681465  0.947972 
0.650302  0.901553 
0.620044  0.856630 
0.590679  0.813180 
0.562196  0.771179 
0.534582  0.730604 
0.507825  0.691431 
0.481915  0.653637 
0.456839  0.617199 
0.432586  0.582092 
0.409143  0.548294 
0.386500  0.515782 
0.364644  0.484531 
0.343564  0.454518 
0.323248  0.425720 
0.303684  0.398114 
0.284860  0.371675 
0.266766  0.346381 
0.249388  0.322208 
0.232716  0.299133 
0.216737  0.277132 
0.201440  0.256182 
0.186814  0.236259 
0.172845  0.217340 
0.159524  0.199402 
0.146837  0.182420 
0.134773  0.166373 
0.123321  0.151235 
0.112469  0.136984 
0.102204  0.123596 
0.092516  0.111048 
0.083393  0.099317 
0.074822  0.088378 
0.066792  0.078209 
0.059291  0.068787 
0.052308  0.060086 
0.045831  0.052085 
0.039848  0.044760 
0.034347  0.038087 
0.029316  0.032043 
0.024745  0.026605 
0.020620  0.021749 
0.016931  0.017451 
0.013666  0.013688 
0.010813  0.010437 
0.008360  0.007674 
0.006297  0.005376 
0.004613  0.003520 
0.003297  0.002082 
0.002346  0.001038 
0.001773  0.000365 
0.001806  0.000040 
0.000000  0.009536 
0.000000  -0.006917 
0.000000  -0.005244 
0.000000  -0.002706 
0.000000  -0.001377 
0.000000  -0.000642 
0.000000  -0.000174 
0.000000  0.000157 
0.000000  0.000408 
0.000000  0.000608 
0.000000  0.000774 
0.000000  0.000916 
0.000000  0.001041 
0.000000  0.001152 
0.000000  0.001254 
0.000000  0.001347 
0.000000  0.001434 
0.000000  0.001516 
0.000000  0.001594 
0.000000  0.001669 
0.000000  0.001741 
0.000000  0.001812 
0.000000  0.001881 
0.000000  0.001948 
0.000000  0.002015 
0.000000  0.002081 
0.000000  0.002147 
0.000000  0.002213 
0.000000  0.002279 
0.000000  0.002346 
0.000000  0.002413 
0.000000  0.002481 
0.000000  0.002551 
0.000000  0.002621 
0.000000  0.002693 
0.000000  0.002767 
0.000000  0.002842 
0.000000  0.002920 
0.000000  0.003000 
0.000000  0.003082 
0.000000  0.003168 
0.000000  0.003257 
0.000000  0.003349 
0.000000  0.003446 
0.000000  0.003547 
0.000000  0.003652 
0.000000  0.003763 
0.000000  0.003880 
0.000000  0.004003 
0.000000  0.004134 
0.000000  0.004272 
0.000000  0.004419 
0.000000  0.004576 
0.000000  0.004745 
0.000000  0.004925 
0.000000  0.005120 
0.000000  0.005331 
0.000000  0.005560 
0.000000  0.005809 
0.000000  0.006083 
0.000000  0.006384 
0.000000  0.006717 
0.000000  0.007088 
0.000000  0.007505 
0.000000  0.007975 
0.000000  0.008512 
0.000000  0.009128 
0.000000  0.009846 
0.000000  0.010692 
0.000000  0.011704 
0.000000  0.012938 
0.000000  0.014476 
0.000000  0.016448 
0.000000  0.019069 
0.000000  0.022731 
0.000000  0.028228 
0.000000  0.037499 
0.000000  0.056412 
0.000000  0.104551 
0.000000  0.244700 
0.000216  0.000000 
0.000165  0.000000 
0.000543  0.000000 
0.001213  0.000000 
0.002137  0.000000 
0.003301  0.000000 
0.004701  0.000000 
0.006333  0.000000 
0.008199  0.000000 
0.010297  0.000000 
0.012630  0.000000 
0.015196  0.000000 
0.017998  0.000000 
0.021037  0.000000 
0.024312  0.000000 
0.027825  0.000000 
0.031575  0.000000 
0.035560  0.000000 
0.039773  0.000000 
0.044188  0.000000 
0.000648  0.000000 
0.000932  0.000000 
0.001802  0.000000 
0.003203  0.000000 
0.005106  0.000000 
0.007496  0.000000 
0.010371  0.000000 
0.013731  0.000000 
0.017577  0.000000 
0.021914  0.000000 
0.026746  0.000000 
0.032078  0.000000 
0.037914  0.000000 
0.044260  0.000000 
0.051119  0.000000 
0.058497  0.000000 
0.066397  0.000000 
0.074819  0.000000 
0.083763  0.000000 
0.093219  0.000000 
0.000875  0.000000 
0.001562  0.000000 
0.002997  0.000000 
0.005182  0.000000 
0.008110  0.000000 
0.011781  0.000000 
0.016199  0.000000 
0.021371  0.000000 
0.027307  0.000000 
0.034017  0.000000 
0.041512  0.000000 
0.049804  0.000000 
0.058905  0.000000 
0.068827  0.000000 
0.079582  0.000000 
0.091180  0.000000 
0.103634  0.000000 
0.116952  0.000000 
0.131143  0.000000 
0.146215  0.000000 
0.001036  0.000000 
0.002114  0.000000 
0.004145  0.000000 
0.007150  0.000000 
0.011148  0.000000 
0.016153  0.000000 
0.022181  0.000000 
0.029253  0.000000 
0.037387  0.000000 
0.046604  0.000000 
0.056926  0.000000 
0.068374  0.000000 
0.080971  0.000000 
0.094739  0.000000 
0.109700  0.000000 
0.125875  0.000000 
0.143286  0.000000 
0.161955  0.000000 
0.181902  0.000000 
0.203150  0.000000 
0.001168  0.000000 
0.002627  0.000000 
0.005263  0.000000 
0.009116  0.000000 
0.014221  0.000000 
0.020611  0.000000 
0.028318  0.000000 
0.037375  0.000000 
0.047816  0.000000 
0.059675  0.000000 
0.072988  0.000000 
0.087789  0.000000 
0.104113  0.000000 
0.121996  0.000000 
0.141473  0.000000 
0.162580  0.000000 
0.185352  0.000000 
0.209824  0.000000 
0.236032  0.000000 
0.264013  0.000000 
0.001285  0.000000 
0.003118  0.000000 
0.006366  0.000000 
0.011088  0.000000 
0.017334  0.000000 
0.025158  0.000000 
0.034609  0.000000 
0.045738  0.000000 
0.058595  0.000000 
0.073231  0.000000 
0.089698  0.000000 
0.108047  0.000000 
0.128329  0.000000 
0.150596  0.000000 
0.174901  0.000000 
0.201294  0.000000 
0.229828  0.000000 
0.260555  0.000000 
0.293527  0.000000 
0.328799  0.000000 
0.001395  0.000000 
0.003597  0.000000 
0.007464  0.000000 
0.013072  0.000000 
0.020492  0.000000 
0.029797  0.000000 
0.041057  0.000000 
0.054342  0.000000 
0.069723  0.000000 
0.087271  0.000000 
0.107056  0.000000 
0.129148  0.000000 
0.153619  0.000000 
0.180540  0.000000 
0.209982  0.000000 
0.242016  0.000000 
0.276713  0.000000 
0.314146  0.000000 
0.354385  0.000000 
0.397504  0.000000 
0.001500  0.000000 
0.004070  0.000000 
0.008563  0.000000 
0.015074  0.000000 
0.023698  0.000000 
0.034530  0.000000 
0.047662  0.000000 
0.063189  0.000000 
0.081202  0.000000 
0.101795  0.000000 
0.125061  0.000000 
0.151093  0.000000 
0.179984  0.000000 
0.211827  0.000000 
0.246716  0.000000 
0.284745  0.000000 
0.326006  0.000000 
0.370594  0.000000 
0.418603  0.000000 
0.470128  0.000000 
0.001602  0.000000 
0.004541  0.000000 
0.009666  0.000000 
0.017097  0.000000 
0.026955  0.000000 
0.039359  0.000000 
0.054428  0.000000 
0.072279  0.000000 
0.093032  0.000000 
0.116804  0.000000 
0.143715  0.000000 
0.173882  0.000000 
0.207423  0.000000 
0.244457  0.000000 
0.285103  0.000000 
0.329479  0.000000 
0.377705  0.000000 
0.429898  0.000000 
0.486180  0.000000 
0.546668  0.000000 
0.001702  0.000000 
0.005011  0.000000 
0.010776  0.000000 
0.019145  0.000000 
0.030267  0.000000 
0.044288  0.000000 
0.061355  0.000000 
0.081614  0.000000 
0.105214  0.000000 
0.132299  0.000000 
0.163017  0.000000 
0.197514  0.000000 
0.235935  0.000000 
0.278429  0.000000 
0.325141  0.000000 
0.376219  0.000000 
0.431809  0.000000 
0.492058  0.000000 
0.557114  0.000000 
0.627124  0.000000 
0.001800  0.000000 
0.005481  0.000000 
0.011895  0.000000 
0.021220  0.000000 
0.033634  0.000000 
0.049317  0.000000 
0.068445  0.000000 
0.091196  0.000000 
0.117749  0.000000 
0.148280  0.000000 
0.182969  0.000000 
0.221990  0.000000 
0.265522  0.000000 
0.313744  0.000000 
0.366832  0.000000 
0.424964  0.000000 
0.488319  0.000000 
0.557073  0.000000 
0.631407  0.000000 
0.711497  0.000000 
0.001898  0.000000 
0.005953  0.000000 
0.013024  0.000000 
0.023322  0.000000 
0.037059  0.000000 
0.054448  0.000000 
0.075699  0.000000 
0.101025  0.000000 
0.130638  0.000000 
0.164748  0.000000 
0.203569  0.000000 
0.247309  0.000000 
0.296183  0.000000 
0.350400  0.000000 
0.410172  0.000000 
0.475712  0.000000 
0.547231  0.000000 
0.624941  0.000000 
0.709054  0.000000 
0.799783  0.000000 
0.001996  0.000000 
0.006428  0.000000 
0.014165  0.000000 
0.025454  0.000000 
0.040543  0.000000 
0.059682  0.000000 
0.083119  0.000000 
0.111102  0.000000 
0.143881  0.000000 
0.181703  0.000000 
0.224818  0.000000 
0.273473  0.000000 
0.327917  0.000000 
0.388398  0.000000 
0.455164  0.000000 
0.528465  0.000000 
0.608548  0.000000 
0.695662  0.000000 
0.790058  0.000000 
0.891982  0.000000 
0.002093  0.000000 
0.006907  0.000000 
0.015319  0.000000 
0.027617  0.000000 
0.044088  0.000000 
0.065022  0.000000 
0.090706  0.000000 
0.121429  0.000000 
0.157479  0.000000 
0.199146  0.000000 
0.246718  0.000000 
0.300481  0.000000 
0.360725  0.000000 
0.427738  0.000000 
0.501807  0.000000 
0.583221  0.000000 
0.672268  0.000000 
0.769237  0.000000 
0.874416  0.000000 
0.988095  0.000000 
0.002192  0.000000 
0.007391  0.000000 
0.016488  0.000000 
0.029813  0.000000 
0.047695  0.000000 
0.070467  0.000000 
0.098460  0.000000 
0.132005  0.000000 
0.171434  0.000000 
0.217077  0.000000 
0.269268  0.000000 
0.328334  0.000000 
0.394608  0.000000 
0.468420  0.000000 
0.550100  0.000000 
0.639981  0.000000 
0.738391  0.000000 
0.845664  0.000000 
0.962129  0.000000 
1.088120  0.000000 
0.002292  0.000000 
0.007882  0.000000 
0.017674  0.000000 
0.032043  0.000000 
0.051366  0.000000 
0.076020  0.000000 
0.106383  0.000000 
0.142832  0.000000 
0.185745  0.000000 
0.235498  0.000000 
0.292469  0.000000 
0.357032  0.000000 
0.429565  0.000000 
0.510444  0.000000 
0.600045  0.000000 
0.698745  0.000000 
0.806919  0.000000 
0.924944  0.000000 
1.053197  0.000000 
1.192057  0.000000 
0.002395  0.000000 
0.008382  0.000000 
0.018879  0.000000 
0.034310  0.000000 
0.055101  0.000000 
0.081681  0.000000 
0.114475  0.000000 
0.153910  0.000000 
0.200412  0.000000 
0.254407  0.000000 
0.316320  0.000000 
0.386575  0.000000 
0.465597  0.000000 
0.553811  0.000000 
0.651642  0.000000 
0.759514  0.000000 
0.877851  0.000000 
1.007078  0.000000 
1.147620  0.000000 
1.299905  0.000000 
0.002506  0.000000 
0.008898  0.000000 
0.020108  0.000000 
0.036616  0.000000 
0.058904  0.000000 
0.087451  0.000000 
0.122737  0.000000 
0.165240  0.000000 
0.215437  0.000000 
0.273805  0.000000 
0.340822  0.000000 
0.416962  0.000000 
0.502703  0.000000 
0.598521  0.000000 
0.704891  0.000000 
0.822289  0.000000 
0.951189  0.000000 
1.092068  0.000000 
1.245399  0.000000 
1.411662  0.000000 
0.002635  0.000000 
0.009439  0.000000 
0.021366  0.000000 
0.038965  0.000000 
0.062774  0.000000 
0.093331  0.000000 
0.131169  0.000000 
0.176821  0.000000 
0.230818  0.000000 
0.293692  0.000000 
0.365975  0.000000 
0.448195  0.000000 
0.540885  0.000000 
0.644574  0.000000 
0.759792  0.000000 
0.887070  0.000000 
1.026936  0.000000 
1.179917  0.000000 
1.346538  0.000000 
1.527328  0.000000 
0.002823  0.000000 
0.010023  0.000000 
0.022659  0.000000 
0.041356  0.000000 
0.066712  0.000000 
0.099321  0.000000 
0.139771  0.000000 
0.188653  0.000000 
0.246555  0.000000 
0.314067  0.000000 
0.391777  0.000000 
0.480272  0.000000 
0.580140  0.000000 
0.691969  0.000000 
0.816346  0.000000 
0.953859  0.000000 
1.105093  0.000000 
1.270632  0.000000 
1.451052  0.000000 
1.646912  0.000000 
