0.000000  -0.274390 
0.000000  -0.102737 
0.000000  -0.053894 
0.000000  -0.040959 
0.000000  -0.038081 
0.000000  -0.039605 
0.000000  -0.043925 
0.000000  -0.050390 
0.000000  -0.058674 
0.000000  -0.068590 
0.000000  -0.080025 
0.000000  -0.092906 
0.000000  -0.107185 
0.000000  -0.122826 
0.000000  -0.139806 
0.000000  -0.158106 
0.000000  -0.177713 
0.000000  -0.198616 
0.000000  -0.220807 
0.000000  -0.244279 
0.000000  -0.269028 
0.000000  -0.295050 
0.000000  -0.322341 
0.000000  -0.350898 
0.000000  -0.380720 
0.000000  -0.411805 
0.000000  -0.444152 
0.000000  -0.477760 
0.000000  -0.512630 
0.000000  -0.548764 
0.000000  -0.586163 
0.000000  -0.624834 
0.000000  -0.664788 
0.000000  -0.706046 
0.000000  -0.748651 
0.000000  -0.792699 
0.000000  -0.838369 
0.000000  -0.885359 
0.000000  -0.926753 
0.000000  -0.948249 
0.008583  0.025469 
0.035020  0.079219 
0.062569  0.136719 
0.091374  0.197969 
0.121439  0.262969 
0.152760  0.331719 
0.185336  0.404219 
0.219165  0.480469 
0.254246  0.560469 
0.290578  0.644219 
0.328160  0.731719 
0.366993  0.822969 
0.407076  0.917969 
0.448407  1.016719 
0.490988  1.119219 
0.534818  1.225469 
0.579895  1.335469 
0.626222  1.449219 
0.673796  1.566719 
0.722617  1.687969 
0.772687  1.812969 
0.824003  1.941719 
0.876567  2.074219 
0.930378  2.210469 
0.985434  2.350469 
1.041738  2.494219 
1.099287  2.641719 
1.158081  2.792969 
1.218120  2.947969 
1.279404  3.106719 
1.341931  3.269219 
1.405699  3.435469 
1.470708  3.605469 
1.536955  3.779219 
1.604435  3.956719 
1.673141  4.137969 
1.743057  4.322969 
1.814145  4.511719 
1.886270  4.704219 
1.958149  4.900469 
1.937842  2.901090 
1.817678  2.709738 
1.702617  2.526855 
1.592293  2.352254 
1.486621  2.185746 
1.385516  2.027145 
1.288890  1.876262 
1.196652  1.732910 
1.108710  1.596902 
1.024973  1.468051 
0.945345  1.346168 
0.869736  1.231066 
0.798051  1.122559 
0.730196  1.020457 
0.666079  0.924574 
0.605605  0.834723 
0.548681  0.750715 
0.495213  0.672363 
0.445107  0.599480 
0.398269  0.531879 
0.354606  0.469371 
0.314023  0.411770 
0.276427  0.358887 
0.241724  0.310535 
0.209820  0.266527 
0.180620  0.226676 
0.154031  0.190793 
0.129959  0.158691 
0.108310  0.130184 
0.088989  0.105082 
0.071903  0.083199 
0.056957  0.064348 
0.044058  0.048340 
0.033110  0.034988 
0.024021  0.024105 
0.016696  0.015504 
0.011044  0.008996 
0.006980  0.004395 
0.004450  0.001512 
0.003803  0.000160 
0.000000  -0.002016 
0.000000  -0.005853 
0.000000  -0.003183 
0.000000  -0.000604 
0.000000  0.000813 
0.000000  0.001679 
0.000000  0.002292 
0.000000  0.002774 
0.000000  0.003180 
0.000000  0.003538 
0.000000  0.003867 
0.000000  0.004177 
0.000000  0.004477 
0.000000  0.004772 
0.000000  0.005068 
0.000000  0.005368 
0.000000  0.005676 
0.000000  0.005996 
0.000000  0.006332 
0.000000  0.006689 
0.000000  0.007071 
0.000000  0.007483 
0.000000  0.007933 
0.000000  0.008429 
0.000000  0.008980 
0.000000  0.009600 
0.000000  0.010305 
0.000000  0.011117 
0.000000  0.012065 
0.000000  0.013191 
0.000000  0.014554 
0.000000  0.016242 
0.000000  0.018394 
0.000000  0.021237 
0.000000  0.025184 
0.000000  0.031063 
0.000000  0.040884 
0.000000  0.060682 
0.000000  0.110771 
0.000000  0.258935 
0.000513  0.000000 
-0.000039  0.000000 
0.000126  0.000000 
0.000675  0.000000 
0.001517  0.000000 
0.002619  0.000000 
0.003970  0.000000 
0.005561  0.000000 
0.007392  0.000000 
0.009460  0.000000 
0.011766  0.000000 
0.014309  0.000000 
0.017090  0.000000 
0.020109  0.000000 
0.023366  0.000000 
0.026860  0.000000 
0.030588  0.000000 
0.034545  0.000000 
0.038712  0.000000 
0.043029  0.000000 
0.001329  0.000000 
0.001133  0.000000 
0.001708  0.000000 
0.002922  0.000000 
0.004694  0.000000 
0.006989  0.000000 
0.009788  0.000000 
0.013087  0.000000 
0.016881  0.000000 
0.021174  0.000000 
0.025967  0.000000 
0.031264  0.000000 
0.037068  0.000000 
0.043383  0.000000 
0.050213  0.000000 
0.057560  0.000000 
0.065424  0.000000 
0.073802  0.000000 
0.082683  0.000000 
0.092049  0.000000 
0.001675  0.000000 
0.001979  0.000000 
0.003128  0.000000 
0.005103  0.000000 
0.007876  0.000000 
0.011428  0.000000 
0.015751  0.000000 
0.020845  0.000000 
0.026716  0.000000 
0.033369  0.000000 
0.040814  0.000000 
0.049061  0.000000 
0.058120  0.000000 
0.068003  0.000000 
0.078718  0.000000 
0.090276  0.000000 
0.102685  0.000000 
0.115950  0.000000 
0.130077  0.000000 
0.145071  0.000000 
0.001874  0.000000 
0.002646  0.000000 
0.004420  0.000000 
0.007221  0.000000 
0.011055  0.000000 
0.015929  0.000000 
0.021851  0.000000 
0.028834  0.000000 
0.036891  0.000000 
0.046042  0.000000 
0.056305  0.000000 
0.067700  0.000000 
0.080247  0.000000 
0.093967  0.000000 
0.108881  0.000000 
0.125008  0.000000 
0.142369  0.000000 
0.160983  0.000000 
0.180868  0.000000 
0.202047  0.000000 
0.002012  0.000000 
0.003219  0.000000 
0.005631  0.000000 
0.009294  0.000000 
0.014239  0.000000 
0.020495  0.000000 
0.028089  0.000000 
0.037050  0.000000 
0.047407  0.000000 
0.059193  0.000000 
0.072439  0.000000 
0.087179  0.000000 
0.103447  0.000000 
0.121276  0.000000 
0.140701  0.000000 
0.161755  0.000000 
0.184474  0.000000 
0.208890  0.000000 
0.235039  0.000000 
0.262958  0.000000 
0.002121  0.000000 
0.003741  0.000000 
0.006794  0.000000 
0.011341  0.000000 
0.017436  0.000000 
0.025128  0.000000 
0.034465  0.000000 
0.045494  0.000000 
0.058263  0.000000 
0.072820  0.000000 
0.089216  0.000000 
0.107498  0.000000 
0.127719  0.000000 
0.149928  0.000000 
0.174176  0.000000 
0.200514  0.000000 
0.228993  0.000000 
0.259664  0.000000 
0.292580  0.000000 
0.327796  0.000000 
0.002214  0.000000 
0.004233  0.000000 
0.007929  0.000000 
0.013378  0.000000 
0.020657  0.000000 
0.029835  0.000000 
0.040983  0.000000 
0.054168  0.000000 
0.069459  0.000000 
0.086925  0.000000 
0.106635  0.000000 
0.128658  0.000000 
0.153064  0.000000 
0.179922  0.000000 
0.209305  0.000000 
0.241281  0.000000 
0.275922  0.000000 
0.313300  0.000000 
0.353486  0.000000 
0.396554  0.000000 
0.002297  0.000000 
0.004708  0.000000 
0.009049  0.000000 
0.015418  0.000000 
0.023911  0.000000 
0.034623  0.000000 
0.047647  0.000000 
0.063074  0.000000 
0.080997  0.000000 
0.101507  0.000000 
0.124696  0.000000 
0.150656  0.000000 
0.179479  0.000000 
0.211258  0.000000 
0.246086  0.000000 
0.284055  0.000000 
0.325260  0.000000 
0.369793  0.000000 
0.417751  0.000000 
0.469228  0.000000 
0.002374  0.000000 
0.005173  0.000000 
0.010163  0.000000 
0.017467  0.000000 
0.027205  0.000000 
0.039497  0.000000 
0.054461  0.000000 
0.072216  0.000000 
0.092880  0.000000 
0.116569  0.000000 
0.143401  0.000000 
0.173494  0.000000 
0.206966  0.000000 
0.243934  0.000000 
0.284517  0.000000 
0.328833  0.000000 
0.377002  0.000000 
0.429142  0.000000 
0.485374  0.000000 
0.545817  0.000000 
0.002446  0.000000 
0.005632  0.000000 
0.011278  0.000000 
0.019532  0.000000 
0.030544  0.000000 
0.044461  0.000000 
0.061429  0.000000 
0.081596  0.000000 
0.105108  0.000000 
0.132111  0.000000 
0.162751  0.000000 
0.197173  0.000000 
0.235524  0.000000 
0.277950  0.000000 
0.324598  0.000000 
0.375615  0.000000 
0.431147  0.000000 
0.491343  0.000000 
0.556351  0.000000 
0.626318  0.000000 
0.002516  0.000000 
0.006089  0.000000 
0.012397  0.000000 
0.021619  0.000000 
0.033933  0.000000 
0.049519  0.000000 
0.068555  0.000000 
0.091218  0.000000 
0.117685  0.000000 
0.148135  0.000000 
0.182745  0.000000 
0.221692  0.000000 
0.265153  0.000000 
0.313306  0.000000 
0.366328  0.000000 
0.424399  0.000000 
0.487695  0.000000 
0.556397  0.000000 
0.630682  0.000000 
0.710731  0.000000 
0.002584  0.000000 
0.006546  0.000000 
0.013524  0.000000 
0.023730  0.000000 
0.037377  0.000000 
0.054676  0.000000 
0.075841  0.000000 
0.101082  0.000000 
0.130612  0.000000 
0.164643  0.000000 
0.203386  0.000000 
0.247052  0.000000 
0.295853  0.000000 
0.350000  0.000000 
0.409707  0.000000 
0.475183  0.000000 
0.546643  0.000000 
0.624299  0.000000 
0.708364  0.000000 
0.799051  0.000000 
0.002652  0.000000 
0.007005  0.000000 
0.014661  0.000000 
0.025869  0.000000 
0.040877  0.000000 
0.059934  0.000000 
0.083290  0.000000 
0.111192  0.000000 
0.143891  0.000000 
0.181635  0.000000 
0.224674  0.000000 
0.273253  0.000000 
0.327624  0.000000 
0.388034  0.000000 
0.454733  0.000000 
0.527968  0.000000 
0.607991  0.000000 
0.695049  0.000000 
0.789395  0.000000 
0.891279  0.000000 
0.002719  0.000000 
0.007467  0.000000 
0.015812  0.000000 
0.028040  0.000000 
0.044438  0.000000 
0.065297  0.000000 
0.090905  0.000000 
0.121551  0.000000 
0.157524  0.000000 
0.199114  0.000000 
0.246610  0.000000 
0.300298  0.000000 
0.360468  0.000000 
0.427409  0.000000 
0.501408  0.000000 
0.582755  0.000000 
0.671738  0.000000 
0.768648  0.000000 
0.873775  0.000000 
0.987411  0.000000 
0.002786  0.000000 
0.007936  0.000000 
0.016980  0.000000 
0.030245  0.000000 
0.048063  0.000000 
0.070767  0.000000 
0.098688  0.000000 
0.132159  0.000000 
0.171512  0.000000 
0.217080  0.000000 
0.269195  0.000000 
0.328186  0.000000 
0.394385  0.000000 
0.468123  0.000000 
0.549732  0.000000 
0.639542  0.000000 
0.737885  0.000000 
0.845094  0.000000 
0.961503  0.000000 
1.087448  0.000000 
0.002857  0.000000 
0.008416  0.000000 
0.018169  0.000000 
0.032490  0.000000 
0.051756  0.000000 
0.076347  0.000000 
0.106642  0.000000 
0.143019  0.000000 
0.185858  0.000000 
0.235535  0.000000 
0.292430  0.000000 
0.356918  0.000000 
0.429376  0.000000 
0.510180  0.000000 
0.599707  0.000000 
0.698332  0.000000 
0.806434  0.000000 
0.924389  0.000000 
1.052578  0.000000 
1.191384  0.000000 
0.002933  0.000000 
0.008913  0.000000 
0.019387  0.000000 
0.034780  0.000000 
0.055521  0.000000 
0.082041  0.000000 
0.114768  0.000000 
0.154132  0.000000 
0.200561  0.000000 
0.254480  0.000000 
0.316317  0.000000 
0.386495  0.000000 
0.465441  0.000000 
0.553579  0.000000 
0.651333  0.000000 
0.759127  0.000000 
0.877385  0.000000 
1.006533  0.000000 
1.146998  0.000000 
1.299216  0.000000 
0.003025  0.000000 
0.009440  0.000000 
0.020644  0.000000 
0.037122  0.000000 
0.059362  0.000000 
0.087849  0.000000 
0.123068  0.000000 
0.165499  0.000000 
0.215622  0.000000 
0.273913  0.000000 
0.340854  0.000000 
0.416917  0.000000 
0.502581  0.000000 
0.598321  0.000000 
0.704613  0.000000 
0.821930  0.000000 
0.950746  0.000000 
1.091533  0.000000 
1.244767  0.000000 
1.410938  0.000000 
0.003159  0.000000 
0.010025  0.000000 
0.021956  0.000000 
0.039522  0.000000 
0.063280  0.000000 
0.093774  0.000000 
0.131542  0.000000 
0.177120  0.000000 
0.231040  0.000000 
0.293836  0.000000 
0.366042  0.000000 
0.448185  0.000000 
0.540797  0.000000 
0.644408  0.000000 
0.759548  0.000000 
0.886744  0.000000 
1.026522  0.000000 
1.179401  0.000000 
1.345899  0.000000 
1.526540  0.000000 
0.003439  0.000000 
0.010712  0.000000 
0.023333  0.000000 
0.041983  0.000000 
0.067277  0.000000 
0.099814  0.000000 
0.140189  0.000000 
0.188993  0.000000 
0.246816  0.000000 
0.314248  0.000000 
0.391879  0.000000 
0.480296  0.000000 
0.580086  0.000000 
0.691839  0.000000 
0.816140  0.000000 
0.953573  0.000000 
1.104721  0.000000 
1.270159  0.000000 
1.450441  0.000000 
1.646058  0.000000 
